1.50
12.90
4.00
2.40
6.40
3.70
2.60
2.20
3.80
5.50
2.80
3.00
3.40
4.20
3.20
3.40
4.40
3.30
2.30
3.40
2.60
2.60
2.30
2.70
3.10
2.70
2.30
3.90
2.80
2.00
3.30
2.80
2.60
2.60
3.70
3.20
3.30
3.50
2.90
3.00
3.80
2.10
3.40
4.40
4.60
2.90
7.70
3.40
8.00
2.60
3.10
3.00
2.60
4.30
3.80
2.90
3.30
4.40
3.40
2.50
4.80
2.80
3.10
2.80
2.60
2.80
4.50
2.90
2.00
3.60
2.20
4.50
3.80
6.50
2.90
2.50
9.90
2.70
4.70
2.60
2.70
3.00
2.40
2.60
3.60
2.80
3.10
2.50
2.70
2.90
3.70
2.40
2.30
3.00
15.40
3.00
2.70
3.70
3.80
4.20
4.70
3.10
3.10
4.20
2.40
4.60
3.40
3.30
3.40
3.60
3.20
18.20
4.90
2.90
5.00
3.50
10.10
4.70
3.70
4.20
3.80
5.20
3.80
5.00
2.80
3.10
3.50
2.70
2.90
3.30
3.30
3.20
3.30
4.50
3.30
3.20
4.20
4.60
4.50
4.90
4.90
3.20
3.20
3.40
4.20
3.30
4.10
3.60
4.10
4.40
3.90
5.10
7.40
4.00
3.80
3.30
2.70
3.80
3.60
3.10
4.10
5.90
5.50
4.90
3.60
4.60
8.70
5.60
4.70
5.50
5.00
4.20
6.10
4.10
3.00
5.40
3.60
4.00
10.20
3.70
4.60
3.50
4.80
5.80
3.30
3.30
2.40
2.90
4.00
3.00
4.00
4.20
3.60
3.30
3.10
3.00
2.00
1.90
3.20
2.90
2.70
2.60
3.30
2.60
2.70
2.50
3.30
3.70
3.30
3.30
2.40
2.50
2.80
3.50
2.70
1.60
3.70
3.10
2.60
3.00
3.00
3.00
3.10
3.10
3.00
2.30
2.50
2.70
2.60
2.40
3.10
2.70
2.60
2.20
3.10
2.90
2.90
3.90
4.50
3.90
3.50
3.60
3.00
3.10
3.60
3.70
3.60
3.90
2.40
2.30
2.50
10.50
2.20
2.50
3.30
2.30
3.00
2.10
3.80
1.90
3.40
3.00
2.70
2.60
2.50
2.80
2.20
2.90
3.60
2.60
2.80
2.60
2.90
2.60
2.60
2.50
2.50
2.80
2.70
1.40
2.60
2.40
2.40
2.70
2.60
2.20
2.90
2.90
2.80
2.80
2.80
2.90
2.50
2.40
2.60
2.80
2.30
2.80
2.90
2.40
4.80
3.30
3.20
2.50
2.50
3.50
2.30
3.00
3.20
3.60
3.10
3.00
3.60
3.20
2.60
2.80
3.10
2.80
2.80
3.00
2.90
2.60
2.30
3.40
3.30
2.50
2.80
3.20
2.30
3.20
3.40
2.70
3.00
3.00
2.90
2.50
2.60
2.90
3.20
2.80
2.50
3.20
2.80
2.50
2.80
3.40
2.80
3.00
2.60
2.40
2.40
2.80
3.10
2.90
2.80
2.70
2.80
2.90
2.60
2.90
2.90
3.80
3.30
3.40
2.90
2.30
3.50
2.60
2.80
2.70
3.30
2.90
2.50
3.10
2.90
2.80
2.90
2.70
2.70
2.10
3.20
3.40
2.40
3.00
4.20
3.60
4.00
4.50
3.60
2.80
3.10
2.00
10.20
2.40
2.80
2.60
3.30
3.40
3.50
3.10
2.80
3.00
3.40
2.90
3.00
3.50
2.90
3.20
3.00
3.90
3.00
2.80
3.50
3.30
2.70
2.70
3.30
2.90
3.80
3.70
3.20
3.20
2.90
3.50
3.60
2.80
2.70
3.40
2.90
2.80
3.40
2.80
2.50
3.20
3.50
3.40
2.90
3.20
3.40
3.10
2.90
3.20
2.80
3.30
2.80
3.90
3.40
3.40
7.70
3.30
3.20
2.90
3.20
3.30
2.80
3.30
3.00
3.30
3.00
3.10
2.90
2.60
2.90
3.70
2.90
2.90
3.40
3.30
3.00
8.90
3.50
2.80
2.50
3.20
8.30
9.30
7.10
9.60
6.30
5.80
3.60
6.00
4.90
6.10
5.20
5.60
5.20
6.90
5.20
5.10
5.70
8.50
4.90
3.90
3.50
3.50
4.10
3.50
3.30
2.90
4.20
3.60
3.30
3.40
3.40
3.40
3.20
3.70
2.80
3.20
3.20
3.30
9.50
4.70
4.40
4.10
3.40
3.60
7.80
3.20
3.20
3.40
3.20
3.10
3.10
3.00
2.90
2.90
3.30
3.50
3.10
3.00
3.50
3.60
3.10
3.20
3.50
3.10
3.20
3.40
3.80
3.50
3.10
3.20
3.40
3.10
3.50
4.60
4.00
3.70
3.80
4.10
4.30
4.10
3.90
3.70
3.20
3.30
3.90
2.90
3.20
3.90
3.60
3.50
4.30
4.00
3.20
3.30
3.00
3.60
3.50
3.20
3.40
3.60
2.90
3.00
3.50
3.40
3.10
3.20
4.00
3.20
2.80
3.60
3.10
3.50
3.20
3.40
3.30
2.60
4.10
4.30
3.80
3.40
4.20
3.50
5.90
3.20
3.60
9.80
3.20
4.30
3.70
3.40
3.20
4.00
3.60
3.50
4.00
3.40
5.00
3.50
3.80
3.70
3.40
3.50
4.10
3.80
3.40
3.60
3.80
3.40
3.40
4.20
3.50
3.40
4.20
3.60
3.70
3.70
4.10
3.80
3.70
4.00
3.60
3.60
4.00
3.90
3.70
3.50
3.60
3.60
3.30
4.00
3.60
3.90
3.40
3.60
3.90
3.50
3.40
3.40
3.90
3.30
3.70
4.10
3.80
3.70
3.90
4.10
4.40
4.10
4.10
3.20
3.50
3.70
3.90
3.20
3.40
3.60
3.40
5.00
5.20
3.70
3.70
3.70
4.20
3.80
3.00
3.70
3.90
3.70
3.30
4.30
3.50
3.40
3.50
4.10
3.70
3.60
4.00
3.60
3.70
3.80
4.30
4.00
3.70
5.20
4.10
3.90
4.10
4.50
5.20
4.70
4.60
4.40
4.00
4.10
3.80
4.10
3.50
4.20
2.80
3.80
4.50
4.60
4.30
4.20
4.10
3.80
3.70
4.10
4.10
4.00
4.50
4.30
4.50
4.50
5.10
4.20
3.60
4.20
4.20
4.40
3.80
4.00
4.40
4.10
3.70
4.60
3.90
3.60
3.70
3.90
3.60
3.80
3.60
4.20
3.90
3.70
4.50
4.00
5.20
3.70
4.60
4.10
4.10
4.00
3.90
4.60
3.60
3.90
3.60
3.70
4.10
4.30
4.50
3.80
4.70
3.70
8.10
3.60
4.20
4.10
3.70
6.50
3.80
3.50
3.80
4.40
6.30
4.30
3.80
4.10
3.70
3.60
3.80
3.90
3.70
3.20
6.50
4.30
