2
4
3
1
3
4
3
2
3
4
2
3
3
4
4
3
4
2
2
3
3
4
3
4
3
3
1
3
4
1
3
1
1
4
3
1
4
4
4
3
4
3
2
3
2
4
4
2
4
1
2
1
1
3
2
2
3
3
3
1
4
4
4
4
4
3
2
4
3
2
1
3
2
4
4
1
3
3
4
3
3
4
1
3
3
4
4
2
3
3
4
2
3
3
4
3
3
3
4
6
7
5
2
6
2
5
6
4
4
7
1
7
5
5
6
6
6
6
4
6
7
6
6
6
5
7
6
5
5
7
6
6
6
7
6
7
6
6
6
5
4
6
7
2
4
3
7
7
3
7
6
7
4
5
5
7
4
7
5
5
6
7
4
7
6
4
6
7
6
7
7
7
7
5
4
6
5
6
6
5
6
7
7
5
3
4
2
3
7
3
6
6
6
6
7
6
6
6
10
10
10
9
9
10
9
8
9
10
9
8
5
9
9
9
10
2
10
9
9
10
8
9
10
10
10
5
8
10
7
10
10
9
9
9
6
10
10
9
7
10
8
10
9
9
9
10
8
10
6
9
9
9
6
9
9
8
10
5
10
4
9
9
6
10
9
9
9
10
10
8
10
9
9
10
9
8
7
10
10
2
10
10
10
8
9
5
10
9
9
10
8
10
7
9
10
10
10
12
12
12
14
13
13
13
10
14
7
10
13
12
14
13
12
14
12
11
13
13
13
13
12
13
10
14
11
13
12
13
11
13
13
13
12
13
12
13
13
14
14
14
13
11
13
13
11
14
13
14
10
11
13
13
13
12
11
14
14
14
14
11
10
12
12
14
9
12
13
12
14
13
13
14
12
13
13
13
14
11
13
8
12
13
10
13
13
10
10
12
14
11
13
6
11
10
13
12
17
17
17
17
17
16
13
17
17
17
14
16
16
17
16
16
16
14
15
15
12
16
16
17
16
16
13
17
17
14
15
16
16
17
16
15
12
17
16
17
16
17
17
16
15
15
15
17
15
17
16
17
16
16
16
15
15
17
17
15
16
16
17
17
16
13
13
17
14
15
16
15
17
16
17
16
12
17
16
17
16
14
16
16
11
17
16
17
16
14
16
17
13
17
17
16
16
15
15
20
19
20
20
19
20
19
19
19
17
20
18
17
18
20
16
18
20
20
19
20
15
20
20
19
19
16
17
19
18
18
19
19
20
20
20
20
20
20
20
20
20
18
19
19
20
19
18
19
16
19
20
19
20
20
18
18
20
20
20
20
18
20
20
17
20
19
20
20
19
20
18
20
20
20
20
19
20
19
17
20
16
20
20
19
20
19
15
19
19
20
20
17
20
15
19
20
20
18
22
21
23
22
23
19
21
20
22
22
22
23
23
23
23
22
24
23
23
22
22
20
23
24
23
22
23
24
22
24
21
23
23
23
23
23
21
23
24
22
24
24
24
23
22
24
22
23
23
23
22
24
22
23
21
22
21
15
24
22
24
24
21
23
22
23
24
22
22
19
20
20
23
23
23
23
23
23
21
19
23
21
20
24
20
24
23
22
22
23
21
22
23
23
22
22
23
23
22
27
26
25
26
24
23
25
27
24
25
25
23
23
27
24
26
27
26
24
15
27
26
27
27
26
26
27
26
27
27
26
27
25
27
24
27
27
26
27
24
26
26
26
25
25
24
27
27
25
27
26
26
26
27
24
25
26
27
27
27
26
27
27
23
25
26
25
26
27
26
27
26
24
25
25
26
24
25
27
26
26
26
27
26
23
26
26
27
27
27
24
22
26
23
27
27
24
26
27
