1 10 8 0 3 3 104.90
1 10 10 0 3 3 69.30
1 10 9 0 3 3 210.00
1 10 5 0 3 3 397.10
1 10 1 0 3 3 209.80
1 10 10 0 3 3 203.20
1 10 9 0 3 3 192.00
1 10 8 0 3 3 216.80
1 10 6 0 3 3 208.40
1 10 4 0 3 3 216.20
1 10 8 0 3 3 204.40
1 10 3 0 3 3 198.10
1 10 3 0 3 3 230.70
1 10 7 0 3 3 218.10
1 10 10 0 3 3 206.20
1 10 1 0 3 3 174.90
1 10 4 0 3 3 353.50
1 10 2 0 3 3 260.30
1 10 8 0 3 3 334.60
1 10 6 0 3 3 190.00
1 10 6 0 3 3 196.30
1 10 10 0 3 3 316.30
1 10 9 0 3 3 248.40
1 10 4 0 3 3 317.50
1 10 3 0 3 3 364.10
1 10 1 0 3 3 357.70
1 10 5 0 3 3 185.80
1 10 6 0 3 3 245.00
1 10 10 0 3 3 171.20
1 10 5 0 3 3 199.50
1 10 1 0 3 3 295.30
1 10 5 0 3 3 232.00
1 10 5 0 3 3 268.80
1 10 10 0 3 3 297.10
1 10 3 0 3 3 169.10
1 10 5 0 3 3 349.20
1 10 10 0 3 3 190.20
1 10 7 0 3 3 208.90
1 10 4 0 3 3 322.10
1 10 3 0 3 3 174.30
1 10 10 0 3 3 400.90
1 10 3 0 3 3 206.90
1 10 2 0 3 3 187.30
1 10 6 0 3 3 255.30
1 10 2 0 3 3 199.20
1 10 10 0 3 3 180.30
1 10 4 0 3 3 186.40
1 10 8 0 3 3 508.80
1 10 7 0 3 3 405.90
1 10 5 0 3 3 359.10
1 10 8 0 3 3 316.20
1 10 5 0 3 3 317.10
1 10 5 0 3 3 340.90
1 10 9 0 3 3 201.30
1 10 2 0 3 3 259.20
1 10 2 0 3 3 177.90
1 10 6 0 3 3 207.80
1 10 3 0 3 3 173.50
1 10 9 0 3 3 206.80
1 10 5 0 3 3 187.20
1 10 7 0 3 3 191.20
1 10 4 0 3 3 164.20
1 10 7 0 3 3 168.80
1 10 4 0 3 3 343.50
1 10 7 0 3 3 187.00
1 10 9 0 3 3 171.20
1 10 2 0 3 3 269.40
1 10 7 0 3 3 195.70
1 10 9 0 3 3 187.70
1 10 2 0 3 3 354.40
1 10 5 0 3 3 180.80
1 10 9 0 3 3 162.00
1 10 2 0 3 3 186.60
1 10 10 0 3 3 207.70
1 10 7 0 3 3 194.00
1 10 5 0 3 3 184.90
1 10 1 0 3 3 200.00
1 10 6 0 3 3 171.90
1 10 4 0 3 3 187.90
1 10 9 0 3 3 183.30
1 10 6 0 3 3 196.10
1 10 7 0 3 3 217.60
1 10 5 0 3 3 225.60
1 10 9 0 3 3 196.70
1 10 1 0 3 3 190.80
1 10 7 0 3 3 189.10
1 10 4 0 3 3 238.00
1 10 8 0 3 3 195.60
1 10 1 0 3 3 195.40
1 10 6 0 3 3 196.30
1 10 7 0 3 3 187.60
1 10 8 0 3 3 196.30
1 10 9 0 3 3 182.90
1 10 3 0 3 3 199.30
1 10 4 0 3 3 201.10
1 10 9 0 3 3 182.10
1 10 6 0 3 3 190.60
1 10 6 0 3 3 195.50
1 10 7 0 3 3 175.30
1 100 32 0 9 9 192.90
1 100 61 0 9 9 187.20
1 100 59 0 9 9 202.00
1 100 75 0 9 9 186.30
1 100 89 0 9 9 170.90
1 100 25 0 9 9 182.60
1 100 34 0 9 9 175.10
1 100 60 0 9 9 192.20
1 100 56 0 9 9 184.50
1 100 43 0 9 9 202.70
1 100 14 0 9 9 199.30
1 100 50 0 9 9 237.40
1 100 85 0 9 9 181.50
1 100 34 0 9 9 184.90
1 100 15 0 9 9 204.50
1 100 32 0 9 9 175.50
1 100 51 0 9 9 187.70
1 100 82 0 9 9 185.10
1 100 92 0 9 9 263.60
1 100 81 0 9 9 178.30
1 100 69 0 9 9 200.20
1 100 83 0 9 9 187.70
1 100 1 0 9 9 180.80
1 100 32 0 9 9 195.50
1 100 19 0 9 9 188.80
1 100 46 0 9 9 172.40
1 100 20 0 9 9 191.20
1 100 86 0 9 9 179.40
1 100 3 0 9 9 178.80
1 100 15 0 9 9 166.20
1 100 93 0 9 9 201.60
1 100 29 0 9 9 183.40
1 100 54 0 9 9 218.90
1 100 99 0 9 9 188.20
1 100 52 0 9 9 181.70
1 100 19 0 9 9 249.30
1 100 11 0 9 9 270.80
1 100 54 0 9 9 184.70
1 100 7 0 9 9 190.50
1 100 7 0 9 9 182.40
1 100 9 0 9 9 184.40
1 100 56 0 9 9 178.50
1 100 63 0 9 9 181.90
1 100 2 0 9 9 222.80
1 100 75 0 9 9 296.30
1 100 68 0 9 9 196.40
1 100 88 0 9 9 274.70
1 100 77 0 9 9 167.50
1 100 80 0 9 9 202.10
1 100 62 0 9 9 210.30
1 100 55 0 9 9 191.00
1 100 26 0 9 9 184.50
1 100 11 0 9 9 204.00
1 100 94 0 9 9 210.00
1 100 9 0 9 9 201.00
1 100 84 0 9 9 202.40
1 100 36 0 9 9 191.50
1 100 6 0 9 9 175.90
1 100 14 0 9 9 192.30
1 100 40 0 9 9 185.40
1 100 65 0 9 9 175.00
1 100 57 0 9 9 164.00
1 100 52 0 9 9 204.10
1 100 31 0 9 9 219.00
1 100 98 0 9 9 188.50
1 100 44 0 9 9 190.00
1 100 68 0 9 9 241.90
1 100 63 0 9 9 186.60
1 100 47 0 9 9 196.40
1 100 69 0 9 9 187.30
1 100 77 0 9 9 190.20
1 100 72 0 9 9 216.20
1 100 14 0 9 9 206.00
1 100 47 0 9 9 180.90
1 100 53 0 9 9 249.50
1 100 56 0 9 9 326.00
1 100 69 0 9 9 194.00
1 100 9 0 9 9 189.50
1 100 44 0 9 9 173.20
1 100 26 0 9 9 187.80
1 100 3 0 9 9 197.00
1 100 54 0 9 9 202.40
1 100 55 0 9 9 186.70
1 100 39 0 9 9 202.70
1 100 71 0 9 9 197.40
1 100 62 0 9 9 177.10
1 100 68 0 9 9 188.30
1 100 25 0 9 9 187.80
1 100 37 0 9 9 184.00
1 100 45 0 9 9 212.10
1 100 37 0 9 9 184.60
1 100 82 0 9 9 188.80
1 100 95 0 9 9 175.00
1 100 13 0 9 9 171.80
1 100 66 0 9 9 174.70
1 100 2 0 9 9 200.70
1 100 86 0 9 9 176.10
1 100 57 0 9 9 203.80
1 100 29 0 9 9 320.00
1 1000 691 0 27 27 180.90
1 1000 566 0 27 27 214.90
1 1000 318 0 27 27 183.00
1 1000 79 0 27 27 275.20
1 1000 107 0 27 27 228.80
1 1000 705 0 27 27 206.70
1 1000 400 0 27 27 173.30
1 1000 784 0 27 27 201.40
1 1000 435 0 27 27 208.50
1 1000 816 0 27 27 190.90
1 1000 244 0 27 27 209.80
1 1000 823 0 27 27 183.20
1 1000 593 0 27 27 174.60
1 1000 849 0 27 27 220.50
1 1000 611 0 27 27 184.90
1 1000 75 0 27 27 178.60
1 1000 662 0 27 27 206.60
1 1000 250 0 27 27 202.10
1 1000 455 0 27 27 179.40
1 1000 415 0 27 27 183.00
1 1000 763 0 27 27 191.70
1 1000 944 0 27 27 182.20
1 1000 667 0 27 27 178.20
1 1000 216 0 27 27 188.50
1 1000 80 0 27 27 185.70
1 1000 937 0 27 27 193.30
1 1000 937 0 27 27 178.60
1 1000 656 0 27 27 189.80
1 1000 706 0 27 27 193.00
1 1000 699 0 27 27 194.80
1 1000 601 0 27 27 215.70
1 1000 826 0 27 27 173.90
1 1000 772 0 27 27 196.50
1 1000 21 0 27 27 262.60
1 1000 661 0 27 27 203.50
1 1000 544 0 27 27 185.00
1 1000 234 0 27 27 199.00
1 1000 377 0 27 27 179.60
1 1000 106 0 27 27 171.10
1 1000 983 0 27 27 192.20
1 1000 523 0 27 27 178.60
1 1000 334 0 27 27 192.00
1 1000 355 0 27 27 309.10
1 1000 278 0 27 27 200.50
1 1000 884 0 27 27 192.70
1 1000 626 0 27 27 169.30
1 1000 317 0 27 27 187.50
1 1000 401 0 27 27 196.90
1 1000 214 0 27 27 180.50
1 1000 88 0 27 27 173.20
1 1000 452 0 27 27 185.00
1 1000 165 0 27 27 370.70
1 1000 150 0 27 27 183.20
1 1000 692 0 27 27 183.40
1 1000 922 0 27 27 186.00
1 1000 369 0 27 27 192.10
1 1000 212 0 27 27 185.90
1 1000 926 0 27 27 198.40
1 1000 479 0 27 27 178.20
1 1000 969 0 27 27 354.00
1 1000 189 0 27 27 199.90
1 1000 562 0 27 27 200.30
1 1000 407 0 27 27 241.30
1 1000 744 0 27 27 202.10
1 1000 202 0 27 27 273.70
1 1000 98 0 27 27 195.10
1 1000 560 0 27 27 202.90
1 1000 759 0 27 27 196.60
1 1000 685 0 27 27 309.60
1 1000 844 0 27 27 186.40
1 1000 931 0 27 27 206.80
1 1000 581 0 27 27 210.80
1 1000 465 0 27 27 197.40
1 1000 169 0 27 27 186.00
1 1000 932 0 27 27 194.50
1 1000 586 0 27 27 191.80
1 1000 185 0 27 27 175.70
1 1000 11 0 27 27 210.90
1 1000 804 0 27 27 222.20
1 1000 741 0 27 27 189.00
1 1000 487 0 27 27 183.30
1 1000 750 0 27 27 203.40
1 1000 598 0 27 27 182.20
1 1000 699 0 27 27 183.10
1 1000 582 0 27 27 203.80
1 1000 690 0 27 27 167.10
1 1000 677 0 27 27 190.20
1 1000 656 0 27 27 198.90
1 1000 459 0 27 27 179.70
1 1000 932 0 27 27 191.00
1 1000 240 0 27 27 424.20
1 1000 354 0 27 27 343.00
1 1000 11 0 27 27 361.20
1 1000 917 0 27 27 394.00
1 1000 476 0 27 27 261.60
1 1000 505 0 27 27 294.10
1 1000 745 0 27 27 303.40
1 1000 727 0 27 27 210.10
1 1000 805 0 27 27 179.80
1 10000 7711 0 81 81 221.70
1 10000 1148 0 81 81 191.70
1 10000 3917 0 81 81 184.40
1 10000 1302 0 81 81 289.60
1 10000 5938 0 81 81 181.90
1 10000 8215 0 81 81 186.30
1 10000 7842 0 81 81 187.80
1 10000 1298 0 81 81 172.20
1 10000 1790 0 81 81 181.90
1 10000 9766 0 81 81 192.40
1 10000 3466 0 81 81 188.40
1 10000 1277 0 81 81 189.90
1 10000 4190 0 81 81 206.00
1 10000 8465 0 81 81 192.20
1 10000 8923 0 81 81 212.70
1 10000 836 0 81 81 167.40
1 10000 6322 0 81 81 176.70
1 10000 7125 0 81 81 240.70
1 10000 1166 0 81 81 180.20
1 10000 1762 0 81 81 178.00
1 10000 8340 0 81 81 202.40
1 10000 7632 0 81 81 212.60
1 10000 8352 0 81 81 185.40
1 10000 7218 0 81 81 196.20
1 10000 8116 0 81 81 195.70
1 10000 3193 0 81 81 177.50
1 10000 1888 0 81 81 190.50
1 10000 1987 0 81 81 176.70
1 10000 8860 0 81 81 172.60
1 10000 3951 0 81 81 192.10
1 10000 1428 0 81 81 220.70
1 10000 2084 0 81 81 218.30
1 10000 5469 0 81 81 282.10
1 10000 5012 0 81 81 198.30
1 10000 6113 0 81 81 226.80
1 10000 2955 0 81 81 207.20
1 10000 8340 0 81 81 181.90
1 10000 2047 0 81 81 180.60
1 10000 3858 0 81 81 196.30
1 10000 1013 0 81 81 193.00
1 10000 6322 0 81 81 199.80
1 10000 3621 0 81 81 205.50
1 10000 3783 0 81 81 207.30
1 10000 827 0 81 81 164.70
1 10000 9487 0 81 81 201.10
1 10000 2380 0 81 81 182.00
1 10000 8618 0 81 81 186.10
1 10000 5268 0 81 81 187.20
1 10000 1380 0 81 81 251.50
1 10000 8179 0 81 81 187.20
1 10000 62 0 81 81 212.10
1 10000 477 0 81 81 176.80
1 10000 9712 0 81 81 188.10
1 10000 8821 0 81 81 194.90
1 10000 4607 0 81 81 180.50
1 10000 4382 0 81 81 196.20
1 10000 4533 0 81 81 202.40
1 10000 394 0 81 81 184.10
1 10000 2464 0 81 81 212.10
1 10000 7508 0 81 81 210.10
1 10000 5975 0 81 81 212.30
1 10000 3089 0 81 81 199.80
1 10000 6029 0 81 81 177.90
1 10000 2899 0 81 81 170.40
1 10000 240 0 81 81 347.50
1 10000 8995 0 81 81 172.40
1 10000 7781 0 81 81 192.80
1 10000 9394 0 81 81 239.00
1 10000 9826 0 81 81 195.20
1 10000 8469 0 81 81 174.70
1 10000 9611 0 81 81 203.00
1 10000 5540 0 81 81 170.60
1 10000 2951 0 81 81 194.40
1 10000 7092 0 81 81 193.80
1 10000 501 0 81 81 254.90
1 10000 5680 0 81 81 202.90
1 10000 8816 0 81 81 181.90
1 10000 9099 0 81 81 166.70
1 10000 2202 0 81 81 200.70
1 10000 8333 0 81 81 200.60
1 10000 4721 0 81 81 177.40
1 10000 769 0 81 81 194.20
1 10000 3242 0 81 81 188.50
1 10000 31 0 81 81 195.00
1 10000 8078 0 81 81 233.90
1 10000 5399 0 81 81 197.50
1 10000 4150 0 81 81 179.90
1 10000 1897 0 81 81 193.90
1 10000 693 0 81 81 187.60
1 10000 6063 0 81 81 175.10
1 10000 4347 0 81 81 200.40
1 10000 589 0 81 81 174.70
1 10000 6274 0 81 81 181.80
1 10000 9483 0 81 81 203.20
1 10000 3281 0 81 81 173.60
1 10000 8315 0 81 81 305.30
1 10000 5185 0 81 81 203.40
1 10000 5115 0 81 81 183.50
1 10000 3673 0 81 81 180.80
1 100000 61270 0 243 243 195.40
1 100000 90879 0 243 243 194.10
1 100000 80891 0 243 243 175.50
1 100000 87620 0 243 243 215.40
1 100000 20401 0 243 243 171.00
1 100000 5075 0 243 243 173.50
1 100000 89536 0 243 243 293.30
1 100000 95307 0 243 243 199.10
1 100000 32188 0 243 243 184.60
1 100000 82255 0 243 243 199.70
1 100000 56426 0 243 243 174.40
1 100000 41516 0 243 243 175.80
1 100000 93781 0 243 243 226.90
1 100000 81843 0 243 243 197.90
1 100000 50644 0 243 243 177.50
1 100000 93832 0 243 243 345.00
1 100000 37945 0 243 243 188.50
1 100000 15410 0 243 243 178.90
1 100000 65432 0 243 243 189.20
1 100000 26918 0 243 243 202.10
1 100000 32493 0 243 243 185.10
1 100000 3744 0 243 243 184.80
1 100000 10919 0 243 243 179.00
1 100000 50172 0 243 243 199.70
1 100000 54381 0 243 243 191.80
1 100000 8126 0 243 243 216.40
1 100000 63951 0 243 243 173.50
1 100000 81886 0 243 243 193.30
1 100000 29215 0 243 243 190.40
1 100000 85137 0 243 243 188.70
1 100000 23622 0 243 243 212.90
1 100000 82913 0 243 243 191.80
1 100000 31338 0 243 243 198.20
1 100000 66901 0 243 243 235.30
1 100000 83847 0 243 243 182.00
1 100000 40139 0 243 243 180.30
1 100000 34496 0 243 243 185.80
1 100000 69370 0 243 243 181.90
1 100000 68924 0 243 243 196.50
1 100000 22673 0 243 243 205.30
1 100000 41866 0 243 243 234.30
1 100000 60252 0 243 243 212.10
1 100000 14039 0 243 243 184.00
1 100000 33801 0 243 243 205.00
1 100000 84102 0 243 243 186.30
1 100000 97274 0 243 243 174.60
1 100000 11995 0 243 243 204.30
1 100000 51705 0 243 243 183.10
1 100000 47914 0 243 243 192.30
1 100000 89400 0 243 243 297.00
1 100000 71063 0 243 243 177.90
1 100000 20222 0 243 243 231.30
1 100000 84296 0 243 243 202.50
1 100000 22461 0 243 243 197.50
1 100000 54473 0 243 243 169.20
1 100000 26796 0 243 243 265.00
1 100000 61268 0 243 243 190.30
1 100000 20655 0 243 243 204.20
1 100000 31056 0 243 243 184.40
1 100000 67018 0 243 243 186.10
1 100000 15460 0 243 243 216.10
1 100000 95663 0 243 243 193.50
1 100000 71167 0 243 243 190.50
1 100000 33484 0 243 243 185.60
1 100000 48717 0 243 243 195.00
1 100000 5699 0 243 243 188.20
1 100000 74840 0 243 243 352.80
1 100000 23298 0 243 243 192.20
1 100000 95281 0 243 243 184.10
1 100000 70930 0 243 243 208.50
1 100000 21215 0 243 243 196.00
1 100000 90511 0 243 243 175.50
1 100000 43745 0 243 243 201.70
1 100000 67748 0 243 243 185.30
1 100000 6083 0 243 243 195.20
1 100000 53619 0 243 243 204.80
1 100000 95189 0 243 243 183.80
1 100000 458 0 243 243 179.90
1 100000 42773 0 243 243 175.20
1 100000 2405 0 243 243 186.40
1 100000 77871 0 243 243 178.60
1 100000 92339 0 243 243 191.20
1 100000 27780 0 243 243 168.80
1 100000 64697 0 243 243 180.80
1 100000 17919 0 243 243 226.20
1 100000 90278 0 243 243 197.10
1 100000 83160 0 243 243 179.00
1 100000 64609 0 243 243 197.50
1 100000 64519 0 243 243 194.70
1 100000 57769 0 243 243 183.10
1 100000 39072 0 243 243 178.30
1 100000 76119 0 243 243 183.80
1 100000 89683 0 243 243 187.90
1 100000 95392 0 243 243 273.90
1 100000 42008 0 243 243 176.30
1 100000 14953 0 243 243 283.00
1 100000 9500 0 243 243 191.90
1 100000 56392 0 243 243 183.40
1 100000 90261 0 243 243 194.60
1 1000000 299608 0 729 729 194.20
1 1000000 376336 0 729 729 171.50
1 1000000 993181 0 729 729 181.50
1 1000000 81295 0 729 729 200.10
1 1000000 523438 0 729 729 187.20
1 1000000 189256 0 729 729 182.40
1 1000000 618839 0 729 729 200.80
1 1000000 722290 0 729 729 178.20
1 1000000 331311 0 729 729 174.40
1 1000000 59866 0 729 729 174.70
1 1000000 673768 0 729 729 237.10
1 1000000 925486 0 729 729 311.10
1 1000000 652548 0 729 729 215.60
1 1000000 908511 0 729 729 195.60
1 1000000 753532 0 729 729 183.00
1 1000000 136091 0 729 729 332.70
1 1000000 904619 0 729 729 176.10
1 1000000 991041 0 729 729 176.20
1 1000000 153592 0 729 729 243.60
1 1000000 807270 0 729 729 170.50
1 1000000 13514 0 729 729 276.40
1 1000000 310209 0 729 729 271.00
1 1000000 395837 0 729 729 196.00
1 1000000 579595 0 729 729 175.30
1 1000000 830586 0 729 729 196.40
1 1000000 248661 0 729 729 175.50
1 1000000 800337 0 729 729 188.70
1 1000000 721701 0 729 729 204.90
1 1000000 710792 0 729 729 188.10
1 1000000 712824 0 729 729 253.40
1 1000000 231211 0 729 729 210.40
1 1000000 872185 0 729 729 199.10
1 1000000 806221 0 729 729 182.10
1 1000000 444217 0 729 729 184.60
1 1000000 909200 0 729 729 192.20
1 1000000 492948 0 729 729 174.50
1 1000000 584768 0 729 729 248.60
1 1000000 878333 0 729 729 169.70
1 1000000 737203 0 729 729 310.20
1 1000000 821488 0 729 729 246.30
1 1000000 121045 0 729 729 196.40
1 1000000 790113 0 729 729 176.30
1 1000000 483699 0 729 729 168.30
1 1000000 186215 0 729 729 189.90
1 1000000 853325 0 729 729 179.50
1 1000000 117481 0 729 729 173.30
1 1000000 461830 0 729 729 197.40
1 1000000 357912 0 729 729 258.00
1 1000000 303128 0 729 729 182.60
1 1000000 403395 0 729 729 215.00
1 1000000 127629 0 729 729 185.10
1 1000000 71137 0 729 729 187.10
1 1000000 487473 0 729 729 326.70
1 1000000 664512 0 729 729 201.50
1 1000000 521005 0 729 729 317.60
1 1000000 677553 0 729 729 282.80
1 1000000 69933 0 729 729 178.80
1 1000000 556325 0 729 729 219.60
1 1000000 699088 0 729 729 170.60
1 1000000 448748 0 729 729 179.00
1 1000000 603381 0 729 729 200.00
1 1000000 250964 0 729 729 184.10
1 1000000 571294 0 729 729 208.60
1 1000000 842595 0 729 729 192.40
1 1000000 816596 0 729 729 209.60
1 1000000 8096 0 729 729 188.10
1 1000000 178940 0 729 729 187.60
1 1000000 237192 0 729 729 197.70
1 1000000 677999 0 729 729 181.40
1 1000000 191162 0 729 729 203.80
1 1000000 73350 0 729 729 174.70
1 1000000 550982 0 729 729 190.50
1 1000000 574403 0 729 729 176.60
1 1000000 60539 0 729 729 363.10
1 1000000 540059 0 729 729 210.90
1 1000000 29223 0 729 729 184.50
1 1000000 342132 0 729 729 175.70
1 1000000 397370 0 729 729 184.90
1 1000000 881817 0 729 729 201.90
1 1000000 999946 0 729 729 232.50
1 1000000 235675 0 729 729 189.40
1 1000000 777052 0 729 729 177.00
1 1000000 412855 0 729 729 209.40
1 1000000 430906 0 729 729 206.00
1 1000000 271107 0 729 729 174.00
1 1000000 363453 0 729 729 188.80
1 1000000 210662 0 729 729 188.70
1 1000000 836089 0 729 729 174.60
1 1000000 409485 0 729 729 168.40
1 1000000 589561 0 729 729 175.70
1 1000000 264711 0 729 729 182.70
1 1000000 895469 0 729 729 303.30
1 1000000 279760 0 729 729 195.20
1 1000000 759513 0 729 729 190.80
1 1000000 250396 0 729 729 200.40
1 1000000 810566 0 729 729 172.60
1 1000000 306113 0 729 729 174.90
1 1000000 578008 0 729 729 201.80
1 1000000 82103 0 729 729 177.40
1 10000000 4376236 0 2187 2187 182.20
1 10000000 7046588 0 2187 2187 271.30
1 10000000 1556970 0 2187 2187 179.00
1 10000000 2211666 0 2187 2187 208.60
1 10000000 1936799 0 2187 2187 189.80
1 10000000 6074999 0 2187 2187 189.00
1 10000000 6427053 0 2187 2187 244.90
1 10000000 1588027 0 2187 2187 193.90
1 10000000 4851336 0 2187 2187 195.20
1 10000000 8873209 0 2187 2187 192.10
1 10000000 8311162 0 2187 2187 177.50
1 10000000 5859378 0 2187 2187 181.60
1 10000000 700394 0 2187 2187 213.90
1 10000000 8656439 0 2187 2187 219.20
1 10000000 83512 0 2187 2187 173.30
1 10000000 2572594 0 2187 2187 189.30
1 10000000 5071060 0 2187 2187 170.30
1 10000000 4195514 0 2187 2187 177.70
1 10000000 2895633 0 2187 2187 261.70
1 10000000 2073912 0 2187 2187 283.30
1 10000000 6302538 0 2187 2187 172.50
1 10000000 228241 0 2187 2187 190.20
1 10000000 6289143 0 2187 2187 206.10
1 10000000 118158 0 2187 2187 187.20
1 10000000 1130281 0 2187 2187 193.60
1 10000000 6846580 0 2187 2187 184.90
1 10000000 3816873 0 2187 2187 180.10
1 10000000 1630547 0 2187 2187 197.50
1 10000000 3259853 0 2187 2187 187.50
1 10000000 2474958 0 2187 2187 192.30
1 10000000 4358809 0 2187 2187 201.50
1 10000000 3553788 0 2187 2187 190.00
1 10000000 300464 0 2187 2187 177.80
1 10000000 3456101 0 2187 2187 260.10
1 10000000 4476689 0 2187 2187 184.50
1 10000000 704221 0 2187 2187 232.90
1 10000000 9866365 0 2187 2187 265.20
1 10000000 5205751 0 2187 2187 218.90
1 10000000 4511048 0 2187 2187 198.00
1 10000000 3693165 0 2187 2187 192.00
1 10000000 8043701 0 2187 2187 178.10
1 10000000 1107233 0 2187 2187 165.70
1 10000000 9530928 0 2187 2187 200.40
1 10000000 600738 0 2187 2187 180.70
1 10000000 4570657 0 2187 2187 178.70
1 10000000 9424654 0 2187 2187 191.40
1 10000000 8883709 0 2187 2187 205.70
1 10000000 794064 0 2187 2187 207.00
1 10000000 4943796 0 2187 2187 187.80
1 10000000 4128341 0 2187 2187 177.00
1 10000000 7904582 0 2187 2187 175.30
1 10 8 0 3 3 87.70
1 10 10 0 3 3 70.30
1 10 9 0 3 3 162.70
1 10 5 0 3 3 200.60
1 10 1 0 3 3 206.40
1 10 10 0 3 3 186.60
1 10 9 0 3 3 177.50
1 10 8 0 3 3 191.90
1 10 6 0 3 3 179.80
1 10 4 0 3 3 257.90
1 10 8 0 3 3 167.70
1 10 3 0 3 3 163.90
1 10 3 0 3 3 236.40
1 10 7 0 3 3 180.70
1 10 10 0 3 3 168.60
1 10 1 0 3 3 219.20
1 10 4 0 3 3 172.90
1 10 2 0 3 3 185.60
1 10 8 0 3 3 193.30
1 10 6 0 3 3 191.10
1 10 6 0 3 3 262.70
1 10 10 0 3 3 260.60
1 10 9 0 3 3 180.80
1 10 4 0 3 3 171.70
1 10 3 0 3 3 189.50
1 10 1 0 3 3 197.60
1 10 5 0 3 3 217.70
1 10 6 0 3 3 169.40
1 10 10 0 3 3 196.10
1 10 5 0 3 3 181.00
1 10 1 0 3 3 181.00
1 10 5 0 3 3 158.80
1 10 5 0 3 3 198.10
1 10 10 0 3 3 176.10
1 10 3 0 3 3 177.70
1 10 5 0 3 3 184.20
1 10 10 0 3 3 182.00
1 10 7 0 3 3 166.80
1 10 4 0 3 3 191.00
1 10 3 0 3 3 196.20
1 10 10 0 3 3 170.00
1 10 3 0 3 3 240.40
1 10 2 0 3 3 190.10
1 10 6 0 3 3 169.00
1 10 2 0 3 3 241.90
1 10 10 0 3 3 198.50
1 10 4 0 3 3 191.00
1 10 8 0 3 3 215.70
1 10 7 0 3 3 189.20
1 10 5 0 3 3 191.60
1 10 8 0 3 3 187.50
1 10 5 0 3 3 206.60
1 10 5 0 3 3 234.60
1 10 9 0 3 3 219.10
1 10 2 0 3 3 197.80
1 10 2 0 3 3 186.20
1 10 6 0 3 3 173.10
1 10 3 0 3 3 180.30
1 10 9 0 3 3 177.90
1 10 5 0 3 3 183.90
1 10 7 0 3 3 236.50
1 10 4 0 3 3 200.40
1 10 7 0 3 3 200.20
1 10 4 0 3 3 179.40
1 10 7 0 3 3 199.90
1 10 9 0 3 3 268.40
1 10 2 0 3 3 177.50
1 10 7 0 3 3 176.30
1 10 9 0 3 3 188.40
1 10 2 0 3 3 239.10
1 10 5 0 3 3 194.60
1 10 9 0 3 3 186.80
1 10 2 0 3 3 205.30
1 10 10 0 3 3 178.70
1 10 7 0 3 3 183.00
1 10 5 0 3 3 186.90
1 10 1 0 3 3 198.40
1 10 6 0 3 3 200.60
1 10 4 0 3 3 265.00
1 10 9 0 3 3 386.80
1 10 6 0 3 3 193.50
1 10 7 0 3 3 195.60
1 10 5 0 3 3 181.50
1 10 9 0 3 3 217.30
1 10 1 0 3 3 179.90
1 10 7 0 3 3 177.00
1 10 4 0 3 3 215.40
1 10 8 0 3 3 212.50
1 10 1 0 3 3 208.50
1 10 6 0 3 3 179.00
1 10 7 0 3 3 192.60
1 10 8 0 3 3 283.10
1 10 9 0 3 3 229.60
1 10 3 0 3 3 174.10
1 10 4 0 3 3 182.70
1 10 9 0 3 3 178.70
1 10 6 0 3 3 192.30
1 10 6 0 3 3 202.30
1 10 7 0 3 3 196.90
1 100 32 0 9 9 175.90
1 100 61 0 9 9 217.40
1 100 59 0 9 9 210.50
1 100 75 0 9 9 189.20
1 100 89 0 9 9 188.50
1 100 25 0 9 9 189.90
1 100 34 0 9 9 186.00
1 100 60 0 9 9 197.80
1 100 56 0 9 9 188.00
1 100 43 0 9 9 160.40
1 100 14 0 9 9 191.60
1 100 50 0 9 9 195.20
1 100 85 0 9 9 175.50
1 100 34 0 9 9 191.60
1 100 15 0 9 9 426.40
1 100 32 0 9 9 201.30
1 100 51 0 9 9 252.50
1 100 82 0 9 9 190.60
1 100 92 0 9 9 172.40
1 100 81 0 9 9 168.00
1 100 69 0 9 9 185.60
1 100 83 0 9 9 366.50
1 100 1 0 9 9 180.80
1 100 32 0 9 9 183.70
1 100 19 0 9 9 199.60
1 100 46 0 9 9 163.90
1 100 20 0 9 9 199.80
1 100 86 0 9 9 193.20
1 100 3 0 9 9 175.20
1 100 15 0 9 9 186.40
1 100 93 0 9 9 283.20
1 100 29 0 9 9 356.70
1 100 54 0 9 9 336.00
1 100 99 0 9 9 416.90
1 100 52 0 9 9 253.10
1 100 19 0 9 9 555.40
1 100 11 0 9 9 268.10
1 100 54 0 9 9 174.00
1 100 7 0 9 9 301.20
1 100 7 0 9 9 317.50
1 100 9 0 9 9 227.00
1 100 56 0 9 9 230.50
1 100 63 0 9 9 201.30
1 100 2 0 9 9 213.50
1 100 75 0 9 9 300.30
1 100 68 0 9 9 190.30
1 100 88 0 9 9 164.90
1 100 77 0 9 9 171.70
1 100 80 0 9 9 242.40
1 100 62 0 9 9 193.50
1 100 55 0 9 9 183.60
1 100 26 0 9 9 186.10
1 100 11 0 9 9 192.40
1 100 94 0 9 9 176.40
1 100 9 0 9 9 177.30
1 100 84 0 9 9 201.80
1 100 36 0 9 9 178.40
1 100 6 0 9 9 205.80
1 100 14 0 9 9 204.20
1 100 40 0 9 9 174.60
1 100 65 0 9 9 178.50
1 100 57 0 9 9 229.90
1 100 52 0 9 9 184.20
1 100 31 0 9 9 217.40
1 100 98 0 9 9 211.30
1 100 44 0 9 9 255.20
1 100 68 0 9 9 188.10
1 100 63 0 9 9 224.00
1 100 47 0 9 9 169.40
1 100 69 0 9 9 185.00
1 100 77 0 9 9 264.50
1 100 72 0 9 9 171.60
1 100 14 0 9 9 176.20
1 100 47 0 9 9 183.40
1 100 53 0 9 9 174.90
1 100 56 0 9 9 182.80
1 100 69 0 9 9 208.10
1 100 9 0 9 9 184.70
1 100 44 0 9 9 187.50
1 100 26 0 9 9 195.80
1 100 3 0 9 9 178.70
1 100 54 0 9 9 181.60
1 100 55 0 9 9 203.20
1 100 39 0 9 9 231.20
1 100 71 0 9 9 186.20
1 100 62 0 9 9 178.00
1 100 68 0 9 9 181.60
1 100 25 0 9 9 263.30
1 100 37 0 9 9 199.30
1 100 45 0 9 9 188.70
1 100 37 0 9 9 183.60
1 100 82 0 9 9 166.20
1 100 95 0 9 9 230.80
1 100 13 0 9 9 189.50
1 100 66 0 9 9 202.00
1 100 2 0 9 9 189.50
1 100 86 0 9 9 172.80
1 100 57 0 9 9 247.40
1 100 29 0 9 9 182.50
1 1000 691 0 27 27 180.30
1 1000 566 0 27 27 225.40
1 1000 318 0 27 27 193.00
1 1000 79 0 27 27 193.50
1 1000 107 0 27 27 179.80
1 1000 705 0 27 27 202.00
1 1000 400 0 27 27 178.20
1 1000 784 0 27 27 193.00
1 1000 435 0 27 27 205.30
1 1000 816 0 27 27 186.30
1 1000 244 0 27 27 325.60
1 1000 823 0 27 27 188.20
1 1000 593 0 27 27 171.20
1 1000 849 0 27 27 195.50
1 1000 611 0 27 27 229.30
1 1000 75 0 27 27 191.30
1 1000 662 0 27 27 203.90
1 1000 250 0 27 27 182.70
1 1000 455 0 27 27 254.70
1 1000 415 0 27 27 266.70
1 1000 763 0 27 27 212.90
1 1000 944 0 27 27 191.10
1 1000 667 0 27 27 182.90
1 1000 216 0 27 27 182.30
1 1000 80 0 27 27 193.70
1 1000 937 0 27 27 215.00
1 1000 937 0 27 27 205.80
1 1000 656 0 27 27 196.50
1 1000 706 0 27 27 183.90
1 1000 699 0 27 27 291.40
1 1000 601 0 27 27 194.20
1 1000 826 0 27 27 182.30
1 1000 772 0 27 27 195.70
1 1000 21 0 27 27 187.60
1 1000 661 0 27 27 184.50
1 1000 544 0 27 27 239.20
1 1000 234 0 27 27 195.00
1 1000 377 0 27 27 437.00
1 1000 106 0 27 27 186.60
1 1000 983 0 27 27 175.40
1 1000 523 0 27 27 205.90
1 1000 334 0 27 27 203.20
1 1000 355 0 27 27 185.10
1 1000 278 0 27 27 246.70
1 1000 884 0 27 27 185.20
1 1000 626 0 27 27 161.80
1 1000 317 0 27 27 319.00
1 1000 401 0 27 27 189.00
1 1000 214 0 27 27 172.80
1 1000 88 0 27 27 252.10
1 1000 452 0 27 27 180.50
1 1000 165 0 27 27 183.50
1 1000 150 0 27 27 251.50
1 1000 692 0 27 27 182.40
1 1000 922 0 27 27 173.00
1 1000 369 0 27 27 278.50
1 1000 212 0 27 27 209.80
1 1000 926 0 27 27 275.50
1 1000 479 0 27 27 199.00
1 1000 969 0 27 27 179.60
1 1000 189 0 27 27 222.30
1 1000 562 0 27 27 171.60
1 1000 407 0 27 27 195.30
1 1000 744 0 27 27 236.40
1 1000 202 0 27 27 171.30
1 1000 98 0 27 27 177.50
1 1000 560 0 27 27 193.60
1 1000 759 0 27 27 169.00
1 1000 685 0 27 27 183.60
1 1000 844 0 27 27 176.30
1 1000 931 0 27 27 182.60
1 1000 581 0 27 27 170.40
1 1000 465 0 27 27 262.90
1 1000 169 0 27 27 186.10
1 1000 932 0 27 27 182.20
1 1000 586 0 27 27 180.80
1 1000 185 0 27 27 177.60
1 1000 11 0 27 27 170.00
1 1000 804 0 27 27 285.10
1 1000 741 0 27 27 177.60
1 1000 487 0 27 27 179.10
1 1000 750 0 27 27 232.40
1 1000 598 0 27 27 182.20
1 1000 699 0 27 27 257.60
1 1000 582 0 27 27 178.30
1 1000 690 0 27 27 169.10
1 1000 677 0 27 27 331.90
1 1000 656 0 27 27 180.00
1 1000 459 0 27 27 211.10
1 1000 932 0 27 27 289.90
1 1000 240 0 27 27 325.90
1 1000 354 0 27 27 194.40
1 1000 11 0 27 27 174.70
1 1000 917 0 27 27 199.10
1 1000 476 0 27 27 267.90
1 1000 505 0 27 27 189.30
1 1000 745 0 27 27 178.50
1 1000 727 0 27 27 210.80
1 1000 805 0 27 27 187.80
1 10000 7711 0 81 81 186.20
1 10000 1148 0 81 81 191.30
1 10000 3917 0 81 81 183.90
1 10000 1302 0 81 81 183.40
1 10000 5938 0 81 81 321.20
1 10000 8215 0 81 81 179.60
1 10000 7842 0 81 81 189.40
1 10000 1298 0 81 81 194.40
1 10000 1790 0 81 81 180.40
1 10000 9766 0 81 81 210.20
1 10000 3466 0 81 81 180.40
1 10000 1277 0 81 81 296.70
1 10000 4190 0 81 81 208.00
1 10000 8465 0 81 81 197.60
1 10000 8923 0 81 81 171.40
1 10000 836 0 81 81 203.90
1 10000 6322 0 81 81 189.20
1 10000 7125 0 81 81 244.00
1 10000 1166 0 81 81 245.20
1 10000 1762 0 81 81 199.40
1 10000 8340 0 81 81 283.40
1 10000 7632 0 81 81 195.90
1 10000 8352 0 81 81 175.40
1 10000 7218 0 81 81 241.20
1 10000 8116 0 81 81 176.80
1 10000 3193 0 81 81 182.10
1 10000 1888 0 81 81 272.80
1 10000 1987 0 81 81 190.70
1 10000 8860 0 81 81 176.20
1 10000 3951 0 81 81 223.40
1 10000 1428 0 81 81 181.20
1 10000 2084 0 81 81 181.20
1 10000 5469 0 81 81 203.70
1 10000 5012 0 81 81 185.70
1 10000 6113 0 81 81 185.00
1 10000 2955 0 81 81 215.80
1 10000 8340 0 81 81 185.60
1 10000 2047 0 81 81 182.50
1 10000 3858 0 81 81 175.90
1 10000 1013 0 81 81 187.10
1 10000 6322 0 81 81 177.10
1 10000 3621 0 81 81 180.90
1 10000 3783 0 81 81 179.90
1 10000 827 0 81 81 167.40
1 10000 9487 0 81 81 272.70
1 10000 2380 0 81 81 185.90
1 10000 8618 0 81 81 176.20
1 10000 5268 0 81 81 316.20
1 10000 1380 0 81 81 189.90
1 10000 8179 0 81 81 170.90
1 10000 62 0 81 81 213.60
1 10000 477 0 81 81 193.80
1 10000 9712 0 81 81 180.00
1 10000 8821 0 81 81 336.40
1 10000 4607 0 81 81 192.00
1 10000 4382 0 81 81 175.80
1 10000 4533 0 81 81 240.70
1 10000 394 0 81 81 193.20
1 10000 2464 0 81 81 192.90
1 10000 7508 0 81 81 252.90
1 10000 5975 0 81 81 177.90
1 10000 3089 0 81 81 181.30
1 10000 6029 0 81 81 286.90
1 10000 2899 0 81 81 185.90
1 10000 240 0 81 81 184.80
1 10000 8995 0 81 81 229.40
1 10000 7781 0 81 81 182.20
1 10000 9394 0 81 81 182.30
1 10000 9826 0 81 81 279.30
1 10000 8469 0 81 81 191.20
1 10000 9611 0 81 81 170.30
1 10000 5540 0 81 81 183.30
1 10000 2951 0 81 81 184.80
1 10000 7092 0 81 81 191.80
1 10000 501 0 81 81 203.40
1 10000 5680 0 81 81 176.60
1 10000 8816 0 81 81 197.40
1 10000 9099 0 81 81 202.20
1 10000 2202 0 81 81 180.90
1 10000 8333 0 81 81 234.50
1 10000 4721 0 81 81 274.70
1 10000 769 0 81 81 190.60
1 10000 3242 0 81 81 190.60
1 10000 31 0 81 81 177.50
1 10000 8078 0 81 81 176.10
1 10000 5399 0 81 81 211.20
1 10000 4150 0 81 81 174.70
1 10000 1897 0 81 81 171.70
1 10000 693 0 81 81 179.30
1 10000 6063 0 81 81 310.40
1 10000 4347 0 81 81 214.70
1 10000 589 0 81 81 178.30
1 10000 6274 0 81 81 183.40
1 10000 9483 0 81 81 166.70
1 10000 3281 0 81 81 178.20
1 10000 8315 0 81 81 175.50
1 10000 5185 0 81 81 226.90
1 10000 5115 0 81 81 180.80
1 10000 3673 0 81 81 194.70
1 100000 61270 0 243 243 201.30
1 100000 90879 0 243 243 197.60
1 100000 80891 0 243 243 175.40
1 100000 87620 0 243 243 303.20
1 100000 20401 0 243 243 178.10
1 100000 5075 0 243 243 181.10
1 100000 89536 0 243 243 188.40
1 100000 95307 0 243 243 180.60
1 100000 32188 0 243 243 206.10
1 100000 82255 0 243 243 203.40
1 100000 56426 0 243 243 185.00
1 100000 41516 0 243 243 191.60
1 100000 93781 0 243 243 184.00
1 100000 81843 0 243 243 202.50
1 100000 50644 0 243 243 180.20
1 100000 93832 0 243 243 171.50
1 100000 37945 0 243 243 254.20
1 100000 15410 0 243 243 204.60
1 100000 65432 0 243 243 174.40
1 100000 26918 0 243 243 293.10
1 100000 32493 0 243 243 259.30
1 100000 3744 0 243 243 186.00
1 100000 10919 0 243 243 193.20
1 100000 50172 0 243 243 187.30
1 100000 54381 0 243 243 195.10
1 100000 8126 0 243 243 186.50
1 100000 63951 0 243 243 198.30
1 100000 81886 0 243 243 337.80
1 100000 29215 0 243 243 225.00
1 100000 85137 0 243 243 189.60
1 100000 23622 0 243 243 257.10
1 100000 82913 0 243 243 188.90
1 100000 31338 0 243 243 191.00
1 100000 66901 0 243 243 240.20
1 100000 83847 0 243 243 274.50
1 100000 40139 0 243 243 202.70
1 100000 34496 0 243 243 204.50
1 100000 69370 0 243 243 186.10
1 100000 68924 0 243 243 182.90
1 100000 22673 0 243 243 171.90
1 100000 41866 0 243 243 192.70
1 100000 60252 0 243 243 193.30
1 100000 14039 0 243 243 192.40
1 100000 33801 0 243 243 177.40
1 100000 84102 0 243 243 378.70
1 100000 97274 0 243 243 361.20
1 100000 11995 0 243 243 364.50
1 100000 51705 0 243 243 198.40
1 100000 47914 0 243 243 182.60
1 100000 89400 0 243 243 258.70
1 100000 71063 0 243 243 200.90
1 100000 20222 0 243 243 186.10
1 100000 84296 0 243 243 256.30
1 100000 22461 0 243 243 200.50
1 100000 54473 0 243 243 209.20
1 100000 26796 0 243 243 206.90
1 100000 61268 0 243 243 186.90
1 100000 20655 0 243 243 191.20
1 100000 31056 0 243 243 409.00
1 100000 67018 0 243 243 193.10
1 100000 15460 0 243 243 351.50
1 100000 95663 0 243 243 220.00
1 100000 71167 0 243 243 201.50
1 100000 33484 0 243 243 186.00
1 100000 48717 0 243 243 180.50
1 100000 5699 0 243 243 190.60
1 100000 74840 0 243 243 168.70
1 100000 23298 0 243 243 188.50
1 100000 95281 0 243 243 237.40
1 100000 70930 0 243 243 352.90
1 100000 21215 0 243 243 424.70
1 100000 90511 0 243 243 382.30
1 100000 43745 0 243 243 411.50
1 100000 67748 0 243 243 189.00
1 100000 6083 0 243 243 234.00
1 100000 53619 0 243 243 228.00
1 100000 95189 0 243 243 173.00
1 100000 458 0 243 243 239.50
1 100000 42773 0 243 243 196.80
1 100000 2405 0 243 243 168.30
1 100000 77871 0 243 243 232.00
1 100000 92339 0 243 243 173.30
1 100000 27780 0 243 243 176.30
1 100000 64697 0 243 243 177.20
1 100000 17919 0 243 243 191.20
1 100000 90278 0 243 243 157.50
1 100000 83160 0 243 243 268.30
1 100000 64609 0 243 243 164.40
1 100000 64519 0 243 243 161.50
1 100000 57769 0 243 243 208.00
1 100000 39072 0 243 243 184.80
1 100000 76119 0 243 243 186.00
1 100000 89683 0 243 243 258.00
1 100000 95392 0 243 243 186.30
1 100000 42008 0 243 243 185.10
1 100000 14953 0 243 243 208.40
1 100000 9500 0 243 243 170.60
1 100000 56392 0 243 243 188.60
1 100000 90261 0 243 243 190.50
1 1000000 299608 0 729 729 176.80
1 1000000 376336 0 729 729 188.30
1 1000000 993181 0 729 729 180.50
1 1000000 81295 0 729 729 178.70
1 1000000 523438 0 729 729 238.20
1 1000000 189256 0 729 729 189.40
1 1000000 618839 0 729 729 186.30
1 1000000 722290 0 729 729 192.40
1 1000000 331311 0 729 729 172.10
1 1000000 59866 0 729 729 232.60
1 1000000 673768 0 729 729 197.50
1 1000000 925486 0 729 729 186.30
1 1000000 652548 0 729 729 170.00
1 1000000 908511 0 729 729 190.30
1 1000000 753532 0 729 729 199.30
1 1000000 136091 0 729 729 179.90
1 1000000 904619 0 729 729 193.50
1 1000000 991041 0 729 729 185.00
1 1000000 153592 0 729 729 172.00
1 1000000 807270 0 729 729 242.30
1 1000000 13514 0 729 729 188.20
1 1000000 310209 0 729 729 172.70
1 1000000 395837 0 729 729 190.50
1 1000000 579595 0 729 729 176.20
1 1000000 830586 0 729 729 173.50
1 1000000 248661 0 729 729 198.20
1 1000000 800337 0 729 729 193.10
1 1000000 721701 0 729 729 196.40
1 1000000 710792 0 729 729 173.90
1 1000000 712824 0 729 729 182.30
1 1000000 231211 0 729 729 205.00
1 1000000 872185 0 729 729 175.60
1 1000000 806221 0 729 729 207.90
1 1000000 444217 0 729 729 204.80
1 1000000 909200 0 729 729 279.20
1 1000000 492948 0 729 729 188.00
1 1000000 584768 0 729 729 227.70
1 1000000 878333 0 729 729 188.70
1 1000000 737203 0 729 729 178.20
1 1000000 821488 0 729 729 173.40
1 1000000 121045 0 729 729 189.80
1 1000000 790113 0 729 729 177.30
1 1000000 483699 0 729 729 197.30
1 1000000 186215 0 729 729 194.20
1 1000000 853325 0 729 729 169.10
1 1000000 117481 0 729 729 190.20
1 1000000 461830 0 729 729 211.40
1 1000000 357912 0 729 729 174.40
1 1000000 303128 0 729 729 192.90
1 1000000 403395 0 729 729 183.50
1 1000000 127629 0 729 729 158.30
1 1000000 71137 0 729 729 197.30
1 1000000 487473 0 729 729 183.20
1 1000000 664512 0 729 729 173.30
1 1000000 521005 0 729 729 205.70
1 1000000 677553 0 729 729 173.00
1 1000000 69933 0 729 729 169.50
1 1000000 556325 0 729 729 277.20
1 1000000 699088 0 729 729 182.50
1 1000000 448748 0 729 729 304.30
1 1000000 603381 0 729 729 202.90
1 1000000 250964 0 729 729 181.10
1 1000000 571294 0 729 729 195.40
1 1000000 842595 0 729 729 193.50
1 1000000 816596 0 729 729 189.20
1 1000000 8096 0 729 729 181.60
1 1000000 178940 0 729 729 199.60
1 1000000 237192 0 729 729 172.30
1 1000000 677999 0 729 729 191.10
1 1000000 191162 0 729 729 205.80
1 1000000 73350 0 729 729 193.60
1 1000000 550982 0 729 729 180.10
1 1000000 574403 0 729 729 195.00
1 1000000 60539 0 729 729 183.70
1 1000000 540059 0 729 729 197.90
1 1000000 29223 0 729 729 187.90
1 1000000 342132 0 729 729 186.10
1 1000000 397370 0 729 729 222.20
1 1000000 881817 0 729 729 182.80
1 1000000 999946 0 729 729 183.20
1 1000000 235675 0 729 729 223.70
1 1000000 777052 0 729 729 199.10
1 1000000 412855 0 729 729 170.00
1 1000000 430906 0 729 729 189.60
1 1000000 271107 0 729 729 187.80
1 1000000 363453 0 729 729 191.20
1 1000000 210662 0 729 729 251.80
1 1000000 836089 0 729 729 180.70
1 1000000 409485 0 729 729 197.90
1 1000000 589561 0 729 729 293.80
1 1000000 264711 0 729 729 181.30
1 1000000 895469 0 729 729 173.20
1 1000000 279760 0 729 729 192.70
1 1000000 759513 0 729 729 160.60
1 1000000 250396 0 729 729 176.30
1 1000000 810566 0 729 729 210.30
1 1000000 306113 0 729 729 190.00
1 1000000 578008 0 729 729 186.10
1 1000000 82103 0 729 729 169.60
1 10000000 4376236 0 2187 2187 171.00
1 10000000 7046588 0 2187 2187 196.60
1 10000000 1556970 0 2187 2187 251.60
1 10000000 2211666 0 2187 2187 181.20
1 10000000 1936799 0 2187 2187 171.90
1 10000000 6074999 0 2187 2187 278.10
1 10000000 6427053 0 2187 2187 180.80
1 10000000 1588027 0 2187 2187 180.30
1 10000000 4851336 0 2187 2187 274.60
1 10000000 8873209 0 2187 2187 188.00
1 10000000 8311162 0 2187 2187 171.50
1 10000000 5859378 0 2187 2187 225.00
1 10000000 700394 0 2187 2187 196.90
1 10000000 8656439 0 2187 2187 187.90
1 10000000 83512 0 2187 2187 194.30
1 10000000 2572594 0 2187 2187 183.00
1 10000000 5071060 0 2187 2187 261.40
1 10000000 4195514 0 2187 2187 227.00
1 10000000 2895633 0 2187 2187 200.30
1 10000000 2073912 0 2187 2187 197.50
1 10000000 6302538 0 2187 2187 175.80
1 10000000 228241 0 2187 2187 168.50
1 10000000 6289143 0 2187 2187 252.30
1 10000000 118158 0 2187 2187 263.00
1 10000000 1130281 0 2187 2187 177.20
1 10000000 6846580 0 2187 2187 198.60
1 10000000 3816873 0 2187 2187 179.20
1 10000000 1630547 0 2187 2187 181.60
1 10000000 3259853 0 2187 2187 200.40
1 10000000 2474958 0 2187 2187 177.60
1 10000000 4358809 0 2187 2187 172.50
1 10000000 3553788 0 2187 2187 284.70
1 10000000 300464 0 2187 2187 160.40
1 10000000 3456101 0 2187 2187 179.30
1 10000000 4476689 0 2187 2187 189.50
1 10000000 704221 0 2187 2187 184.50
1 10000000 9866365 0 2187 2187 201.40
1 10000000 5205751 0 2187 2187 178.60
1 10000000 4511048 0 2187 2187 170.30
1 10000000 3693165 0 2187 2187 274.20
1 10000000 8043701 0 2187 2187 186.40
1 10000000 1107233 0 2187 2187 187.80
1 10000000 9530928 0 2187 2187 172.40
1 10000000 600738 0 2187 2187 176.00
1 10000000 4570657 0 2187 2187 341.40
1 10000000 9424654 0 2187 2187 184.10
1 10000000 8883709 0 2187 2187 176.30
1 10000000 794064 0 2187 2187 194.60
1 10000000 4943796 0 2187 2187 179.10
1 10000000 4128341 0 2187 2187 388.50
1 10000000 7904582 0 2187 2187 191.40
1 10000000 7566850 0 2187 2187 178.10
1 10000000 3348551 0 2187 2187 184.90
1 10000000 9561635 0 2187 2187 215.50
1 10000000 9202989 0 2187 2187 183.80
1 10000000 5383882 0 2187 2187 179.30
1 10000000 980904 0 2187 2187 180.90
1 10000000 4682311 0 2187 2187 179.70
1 10000000 3137366 0 2187 2187 176.90
1 10000000 8692670 0 2187 2187 193.90
1 10000000 9346025 0 2187 2187 192.10
1 10000000 1078088 0 2187 2187 204.40
1 10000000 6691057 0 2187 2187 211.40
1 10000000 334936 0 2187 2187 202.00
1 10000000 1978725 0 2187 2187 187.80
1 10000000 3905663 0 2187 2187 190.20
1 10000000 6533996 0 2187 2187 192.50
1 10000000 9728007 0 2187 2187 237.70
1 10000000 9803643 0 2187 2187 178.30
1 10000000 8080805 0 2187 2187 166.00
1 10000000 842540 0 2187 2187 209.10
1 10000000 8369816 0 2187 2187 187.40
1 10000000 4612776 0 2187 2187 174.30
1 10000000 8837315 0 2187 2187 187.70
1 10000000 4081513 0 2187 2187 187.30
1 10000000 9041952 0 2187 2187 179.30
1 10000000 9086875 0 2187 2187 370.60
1 10000000 322456 0 2187 2187 208.50
1 10000000 5165589 0 2187 2187 191.20
1 10000000 5858058 0 2187 2187 186.30
1 10000000 8124132 0 2187 2187 193.50
1 10000000 9392103 0 2187 2187 184.50
1 10000000 4624718 0 2187 2187 254.80
1 10000000 4730431 0 2187 2187 179.90
1 10000000 956333 0 2187 2187 284.60
1 10000000 3232008 0 2187 2187 198.10
1 10000000 2035040 0 2187 2187 218.30
1 10000000 6772136 0 2187 2187 190.80
1 10000000 8703036 0 2187 2187 188.20
1 10000000 8352174 0 2187 2187 180.90
1 10000000 4266102 0 2187 2187 181.30
1 10000000 4283070 0 2187 2187 185.60
1 10000000 8167658 0 2187 2187 175.80
1 10000000 670126 0 2187 2187 200.70
1 10000000 158444 0 2187 2187 243.90
1 10000000 1062473 0 2187 2187 195.10
1 10000000 7896806 0 2187 2187 180.70
1 10000000 8361931 0 2187 2187 192.20
1 10000000 8554406 0 2187 2187 189.00
1 100000000 62707910 0 6561 6561 202.70
1 100000000 1895629 0 6561 6561 185.50
1 100000000 64726247 0 6561 6561 173.80
1 100000000 51838519 0 6561 6561 214.90
1 100000000 11162261 0 6561 6561 262.40
1 100000000 77951990 0 6561 6561 180.10
1 100000000 75455708 0 6561 6561 206.30
1 100000000 2564364 0 6561 6561 193.00
1 100000000 81994490 0 6561 6561 174.90
1 100000000 61228318 0 6561 6561 276.80
1 100000000 59156156 0 6561 6561 180.70
1 100000000 74172101 0 6561 6561 176.20
1 100000000 97522459 0 6561 6561 217.50
1 100000000 13693497 0 6561 6561 191.80
1 100000000 3310339 0 6561 6561 187.00
1 100000000 62620758 0 6561 6561 185.20
1 100000000 17538264 0 6561 6561 181.00
1 100000000 79365107 0 6561 6561 239.90
1 100000000 28411511 0 6561 6561 186.40
1 100000000 51266479 0 6561 6561 181.00
1 100000000 70010546 0 6561 6561 212.80
1 100000000 7867624 0 6561 6561 167.10
1 100000000 86090086 0 6561 6561 214.50
1 100000000 72819191 0 6561 6561 202.30
1 100000000 60108514 0 6561 6561 179.40
1 100000000 11429905 0 6561 6561 175.00
1 100000000 13989925 0 6561 6561 195.00
1 100000000 17473222 0 6561 6561 180.10
1 100000000 30578665 0 6561 6561 175.00
1 100000000 61179504 0 6561 6561 203.20
1 100000000 48984098 0 6561 6561 179.80
1 100000000 29564142 0 6561 6561 233.80
1 100000000 80023355 0 6561 6561 193.40
1 100000000 92582599 0 6561 6561 258.20
1 100000000 13469462 0 6561 6561 176.90
1 100000000 93060523 0 6561 6561 259.80
1 100000000 12415352 0 6561 6561 174.40
1 100000000 61953651 0 6561 6561 191.00
1 100000000 33802461 0 6561 6561 177.60
1 100000000 3511314 0 6561 6561 246.10
1 100000000 99689191 0 6561 6561 226.10
1 100000000 49306532 0 6561 6561 389.30
1 100000000 67113375 0 6561 6561 223.50
1 100000000 77118762 0 6561 6561 279.60
1 100000000 5222668 0 6561 6561 175.30
1 100000000 76433520 0 6561 6561 184.60
1 100000000 85740227 0 6561 6561 297.20
1 100000000 88240892 0 6561 6561 189.60
1 100000000 35933246 0 6561 6561 174.00
1 100000000 38187646 0 6561 6561 271.40
1 100000000 20043668 0 6561 6561 168.00
1 100000000 53550392 0 6561 6561 169.90
1 100000000 67463310 0 6561 6561 200.80
1 100000000 83864032 0 6561 6561 183.80
1 100000000 6423465 0 6561 6561 163.80
1 100000000 11262263 0 6561 6561 198.10
1 100000000 52146929 0 6561 6561 173.80
1 100000000 29571480 0 6561 6561 379.80
1 100000000 71438396 0 6561 6561 225.40
1 100000000 63296092 0 6561 6561 179.60
1 100000000 80178427 0 6561 6561 177.00
1 100000000 12351770 0 6561 6561 297.00
1 100000000 79238533 0 6561 6561 226.40
1 100000000 35841069 0 6561 6561 200.20
1 100000000 63275279 0 6561 6561 197.60
1 100000000 78869807 0 6561 6561 235.90
1 100000000 85582580 0 6561 6561 202.90
1 100000000 84772956 0 6561 6561 291.50
1 100000000 51321569 0 6561 6561 186.90
1 100000000 60700929 0 6561 6561 181.40
1 100000000 28585781 0 6561 6561 179.50
1 100000000 63468193 0 6561 6561 207.20
1 100000000 94755856 0 6561 6561 177.10
1 100000000 1490217 0 6561 6561 209.20
1 100000000 15707697 0 6561 6561 175.60
1 100000000 41619905 0 6561 6561 189.30
1 100000000 15052811 0 6561 6561 203.70
1 100000000 32166953 0 6561 6561 198.00
1 100000000 84177134 0 6561 6561 177.50
1 100000000 66311984 0 6561 6561 174.10
1 100000000 99403291 0 6561 6561 179.70
1 100000000 2526453 0 6561 6561 172.40
1 100000000 24667354 0 6561 6561 199.40
1 100000000 76434206 0 6561 6561 184.90
1 100000000 94220005 0 6561 6561 221.90
1 100000000 24400115 0 6561 6561 190.20
1 100000000 53467085 0 6561 6561 178.20
1 100000000 77283558 0 6561 6561 190.00
1 100000000 58537870 0 6561 6561 192.70
1 100000000 88854429 0 6561 6561 196.60
1 100000000 7214967 0 6561 6561 192.90
1 100000000 18244336 0 6561 6561 233.30
1 100000000 30782022 0 6561 6561 171.30
1 100000000 64980207 0 6561 6561 217.50
1 100000000 59009463 0 6561 6561 341.00
1 100000000 46454819 0 6561 6561 189.40
1 100000000 71309726 0 6561 6561 214.30
1 100000000 77578936 0 6561 6561 191.90
1 100000000 57208199 0 6561 6561 231.60
