3
10
5
1
5
10
5
3
2
2
3
2
2
2
10
5
2
3
3
2
2
10
5
2
2
5
1
2
10
1
5
1
1
10
2
1
10
2
2
2
10
2
3
2
3
10
2
3
2
1
3
1
1
5
3
3
2
2
5
1
2
2
2
2
2
5
3
2
5
3
1
5
3
10
2
1
5
2
2
5
2
2
1
5
5
2
2
3
5
2
2
3
5
2
2
5
2
2
2
15
12
11
3
8
3
2
4
8
6
6
1
6
2
6
15
26
10
11
10
12
5
50
15
10
10
4
6
25
6
12
6
10
50
16
10
8
10
12
12
10
8
7
33
3
15
7
8
4
7
8
14
8
14
10
5
10
14
6
4
13
6
16
12
33
8
15
7
12
12
8
6
6
12
12
8
12
10
8
14
25
10
8
12
6
7
15
3
7
8
7
10
16
7
2
33
6
6
6
41
22
21
37
27
16
4
36
22
37
36
16
26
32
17
26
58
3
10
40
37
17
2
36
24
15
15
28
16
52
102
22
21
45
52
45
29
44
18
55
20
2
30
17
25
66
40
101
13
33
30
66
19
12
37
18
32
26
22
31
36
15
26
38
68
40
24
28
18
31
28
30
27
52
28
28
26
83
40
26
36
3
66
52
42
28
30
28
23
28
24
30
83
11
20
84
42
10
35
82
60
96
145
31
27
138
76
94
127
74
46
73
175
64
238
86
79
59
158
222
37
84
114
68
118
89
145
78
80
6
23
63
384
192
43
222
126
69
78
86
57
36
120
38
20
93
92
28
246
158
20
103
177
88
88
74
75
68
280
76
67
67
68
82
168
265
32
114
97
76
73
60
140
258
80
75
110
108
5
160
12
144
312
202
112
52
57
100
93
22
16
50
57
63
88
26
130
48
314
295
156
104
298
334
582
276
232
416
318
276
401
357
232
226
252
291
80
638
316
186
173
290
330
442
404
264
509
544
126
356
283
141
129
288
257
110
250
246
374
238
405
570
194
476
666
175
598
216
234
360
432
324
379
361
141
304
160
284
303
368
273
220
38
192
313
278
338
85
805
136
1046
461
262
303
290
217
338
290
356
247
1734
608
172
71
385
242
853
250
150
66
125
216
268
106
199
437
420
1017
1216
439
1266
127
818
912
820
823
450
750
925
1392
469
636
1329
670
892
904
1182
73
763
4468
1136
1091
932
1186
1386
694
1270
1569
1376
417
976
825
1346
1102
599
1308
604
726
1152
1318
826
1458
1063
1322
1206
926
765
712
1222
957
1391
1951
1438
1815
576
328
438
768
1816
1058
2788
1433
2099
1262
526
1058
972
408
1068
1296
445
336
1094
984
1368
4272
18181
924
1071
808
672
1065
497
1162
725
1496
842
4808
1654
2158
656
630
1324
1995
672
1083
7590
4614
1412
3788
980
12506
2350
1970
2656
4534
1728
19612
6838
2150
3711
4166
1547
3610
3228
4112
4686
3285
3416
4146
2839
2704
971
968
1496
2395
1543
2388
3660
2687
2101
26326
3965
2016
4253
3232
2928
3151
1939
4610
4075
6343
3645
2694
4536
5500
3688
4524
4380
3033
802
2096
4974
2769
1768
2332
4464
1715
1229
5612
8272
5596
602
2352
3513
24775
6064
1735
1768
2218
1692
3360
4281
2573
2475
1718
2158
4786
3543
3857
2770
2236
741
3760
1942
2299
4952
4860
3530
2312
2776
2352
2034
3729
3188
9859
4483
7798
3888
18463
9247
6253
9787
9074
23983
21804
7820
10574
8273
20873
4036
27898
55473
14560
6750
7585
3202
8058
5043
7740
4286
18062
7748
5408
12021
2263
11310
11988
15193
10920
6988
72949
16655
11865
8970
8686
4974
3730
7232
9228
19200
9361
7355
8448
11542
2289
6111
12468
9766
9511
7644
7894
8470
8724
15842
6164
10540
7826
6140
7980
8617
11388
6980
12522
7218
12939
7513
8580
7716
4118
9444
13538
8744
7722
9679
11730
4630
17435
11155
8217
3458
7974
1258
9492
5158
10796
2471
18643
8083
4966
9660
4687
8772
5902
