88.60
250.10
211.20
225.20
125.60
131.50
208.10
128.60
157.40
140.60
199.60
169.20
171.80
416.00
155.00
187.80
133.50
109.40
230.80
112.10
136.10
117.50
119.10
124.90
126.30
122.10
115.00
196.30
182.60
155.80
235.00
116.40
151.90
132.80
137.80
178.80
163.20
131.50
144.10
115.60
168.60
174.80
220.60
209.40
229.80
248.50
120.00
122.30
124.80
160.10
212.60
230.60
165.30
263.70
119.70
120.90
174.20
118.40
198.20
220.40
129.90
111.80
108.90
125.70
183.10
128.60
181.20
269.20
234.60
135.20
176.60
286.40
158.00
167.80
237.60
183.60
116.40
124.00
121.90
156.90
189.90
259.40
220.50
150.10
117.40
126.00
117.90
121.90
120.30
137.00
119.10
245.40
334.60
187.80
418.30
180.80
221.10
148.90
127.10
184.00
195.10
174.40
156.10
174.10
170.40
343.50
179.00
141.70
173.00
207.90
124.90
171.70
123.10
257.00
125.70
126.30
138.50
124.40
127.20
328.50
161.00
166.40
128.80
161.70
129.80
121.00
168.80
123.30
132.80
123.30
123.90
138.60
161.90
136.20
138.30
143.80
106.50
123.60
121.70
175.60
233.20
169.80
363.00
265.30
216.70
185.30
250.10
282.30
247.60
150.10
115.50
150.60
124.90
198.80
132.50
250.20
255.10
166.40
294.00
171.30
244.20
127.30
341.80
185.50
236.50
173.60
215.00
295.40
179.90
324.10
249.80
239.40
237.00
260.90
171.20
280.50
142.00
86.40
66.50
74.10
79.30
72.40
95.10
86.40
63.60
65.80
65.40
128.60
62.90
344.20
226.20
112.90
143.00
73.90
195.40
62.90
96.30
85.30
66.70
66.00
72.10
69.00
67.00
93.80
62.60
79.80
59.90
79.30
74.70
148.50
96.10
67.60
62.30
71.00
90.00
59.00
60.10
80.90
72.60
59.90
67.50
94.20
71.80
67.60
82.50
66.60
130.20
67.70
87.10
83.80
86.00
112.60
104.70
113.40
83.40
75.00
78.80
101.40
80.10
65.50
63.10
81.80
72.40
276.70
90.00
75.80
72.00
68.80
91.10
83.30
73.10
101.00
84.90
68.10
90.80
106.90
87.00
78.40
117.50
85.50
61.30
73.70
104.50
70.90
73.80
79.90
70.30
60.50
75.40
79.00
66.80
72.30
92.20
65.10
61.80
76.90
77.30
68.70
65.00
154.20
75.80
76.10
68.10
83.10
68.80
67.50
133.60
77.90
70.00
60.10
93.00
64.00
61.10
89.00
77.70
65.10
74.00
98.30
74.40
71.40
113.60
69.90
80.40
99.30
97.70
78.90
110.40
86.20
81.60
70.80
92.50
96.10
180.10
84.00
164.50
73.20
90.30
101.70
156.10
88.90
81.20
65.80
108.30
72.20
82.90
90.30
73.60
58.10
71.50
91.50
118.00
179.90
89.20
113.70
84.70
66.40
101.90
75.80
62.20
70.40
97.00
106.00
186.00
115.50
96.30
202.90
104.20
86.70
67.70
111.10
111.40
76.10
100.00
75.70
80.80
161.10
117.10
72.70
169.30
280.70
143.30
169.80
127.40
107.60
119.20
126.10
81.20
89.90
76.00
92.20
83.30
99.20
91.60
90.70
103.70
107.70
77.90
84.10
62.50
96.80
109.90
103.60
78.80
76.60
72.30
77.00
86.50
84.00
82.60
75.10
103.60
153.70
91.40
71.40
92.90
72.20
108.00
191.00
123.20
78.20
118.40
132.70
175.00
107.10
116.30
151.30
105.80
101.80
207.00
113.40
90.10
156.60
90.90
101.00
95.90
175.00
99.60
87.30
114.80
97.60
111.40
151.80
124.80
132.60
132.20
216.60
180.20
118.80
99.60
86.50
172.60
100.00
90.00
167.20
102.90
123.00
150.10
99.20
139.90
135.50
115.40
178.30
162.00
102.00
179.20
102.80
147.00
132.30
195.70
109.70
129.70
123.00
93.60
161.30
168.40
111.80
106.70
155.90
130.30
93.00
77.50
108.20
108.50
106.30
192.70
76.90
187.10
152.40
214.10
133.00
123.80
109.50
131.40
92.60
122.30
105.50
120.10
103.40
343.60
150.20
87.50
192.50
132.10
95.20
211.00
141.20
99.80
278.10
151.30
161.30
107.40
325.70
113.80
122.40
139.80
223.90
236.50
376.90
311.60
225.80
201.30
197.00
220.70
242.50
342.80
186.60
358.40
272.20
203.80
169.30
274.80
248.00
814.80
260.10
351.50
74.00
209.60
686.10
342.60
731.70
579.80
745.60
311.30
159.60
261.70
336.40
317.50
304.90
233.90
363.90
248.70
226.40
166.00
319.20
352.40
371.00
266.20
251.50
387.60
363.40
228.00
257.80
238.40
198.90
173.10
191.10
405.10
200.30
257.30
365.90
399.80
337.40
161.20
108.90
118.60
206.40
339.40
211.80
551.60
326.00
511.10
316.50
161.10
234.80
208.40
453.20
219.90
242.30
273.30
124.80
353.70
199.80
329.30
815.50
3630.60
383.60
223.50
186.20
153.20
216.80
145.50
249.80
188.90
309.70
302.80
1032.70
395.10
455.30
358.60
368.60
313.20
389.50
177.30
252.30
1198.50
792.00
654.20
854.40
1624.90
1921.20
410.00
428.10
452.80
882.10
869.10
2918.00
1142.30
455.20
664.90
941.80
366.30
574.90
537.00
661.50
739.00
709.70
581.20
721.80
781.30
518.80
220.50
1697.10
1074.90
468.70
324.30
604.70
1008.10
510.50
389.90
4288.60
854.60
380.80
692.80
535.80
719.30
571.50
458.50
775.50
716.20
1278.40
708.60
715.80
727.60
845.80
787.40
903.60
756.60
721.50
2192.90
377.80
1046.60
479.30
327.30
676.90
1092.50
350.40
294.30
1032.50
1340.40
976.10
174.40
1136.10
1866.70
4593.70
1061.30
362.40
322.30
883.50
294.70
980.60
926.10
473.70
416.20
712.00
1296.80
1038.90
627.50
618.20
494.20
374.10
184.30
632.70
896.00
509.20
787.30
784.40
698.50
481.50
952.30
1170.20
1091.50
1077.80
1165.80
1584.40
1450.30
1672.20
939.40
3237.00
1639.90
1044.00
1613.80
1738.70
3586.80
3461.70
2582.90
2787.30
1794.60
3526.50
929.00
5228.60
9541.70
2725.60
1120.60
1250.40
4933.20
1477.80
3276.50
1210.00
3181.20
2797.70
2901.20
2452.80
1794.10
388.30
2042.00
1996.50
3039.00
1745.30
1552.30
11234.80
2428.60
1734.60
2426.40
2072.50
793.40
647.10
1262.90
1905.50
3259.00
3584.10
1384.60
1246.20
1801.70
6070.60
1069.80
1923.70
2114.40
1593.70
3110.50
1329.70
1265.40
2998.70
2403.10
3555.30
1823.90
1342.80
949.10
1758.00
1533.60
2977.90
1286.40
1930.00
1172.30
2489.10
1370.00
3157.90
1430.50
722.00
1397.40
2304.50
1277.50
1405.70
1589.00
5166.30
2872.60
2709.80
1850.10
1655.30
3120.40
1751.10
11360.70
1396.60
1025.90
1756.70
440.70
5480.70
1912.80
1105.20
1802.00
826.30
1541.00
954.40
