41.80
40.30
26.80
22.30
83.70
57.20
58.30
69.50
57.90
75.20
77.50
70.80
63.70
55.70
63.10
71.60
60.90
48.40
64.10
52.60
69.10
63.60
68.00
54.50
70.40
72.90
60.10
56.20
55.60
66.00
69.80
58.30
60.70
59.10
62.60
91.80
73.20
63.20
69.60
51.00
73.80
62.70
57.90
55.60
73.20
68.10
64.40
67.50
53.20
48.90
77.10
57.10
60.80
67.30
50.40
87.80
74.70
60.50
60.90
53.50
102.80
64.20
59.70
58.80
62.30
49.80
70.50
54.40
54.40
59.60
60.70
89.00
66.10
49.40
58.40
67.40
85.90
71.30
68.90
56.30
59.70
67.90
62.80
60.10
57.90
57.10
85.20
63.50
60.90
56.10
67.80
74.20
63.70
61.40
59.50
54.90
72.00
62.40
56.60
71.60
50.30
74.30
65.50
258.20
156.90
201.50
92.20
136.40
63.20
63.20
64.60
73.20
60.40
61.80
50.50
73.40
62.40
63.00
63.30
56.90
76.90
77.00
57.90
61.00
53.40
81.90
62.70
59.10
57.40
57.70
76.90
54.20
62.60
55.90
63.60
77.10
67.10
63.60
60.60
60.90
74.30
68.20
57.10
66.10
64.70
75.90
65.50
60.60
58.70
60.10
66.00
61.20
68.30
58.30
55.90
78.40
59.20
56.20
63.60
55.10
81.80
77.00
64.60
63.00
58.90
76.90
66.10
66.30
58.20
57.50
68.50
66.30
65.30
80.10
60.40
86.70
69.70
52.30
58.90
72.20
68.50
66.20
64.30
55.70
58.30
74.40
65.00
63.70
59.80
61.60
72.30
68.00
64.10
54.70
68.10
49.70
65.40
60.10
64.70
61.90
160.40
81.20
66.70
111.00
79.60
67.50
66.80
61.90
60.40
69.00
68.00
61.40
64.40
56.30
75.60
57.90
56.30
90.00
72.60
88.40
71.00
75.60
68.60
61.80
86.90
67.80
56.00
60.50
60.00
59.80
73.00
69.70
62.50
64.10
55.40
79.10
65.30
73.20
67.00
57.90
138.80
61.50
62.90
82.20
63.40
98.40
130.10
126.00
116.40
180.30
129.20
71.50
65.90
57.60
66.40
78.30
53.60
60.10
59.50
57.80
65.90
68.90
63.70
60.30
61.30
78.10
76.10
65.00
61.10
59.10
72.70
60.70
66.60
59.90
58.30
94.00
90.60
64.30
62.40
65.20
76.60
73.00
68.40
58.10
58.20
66.80
79.70
62.60
61.60
54.40
69.80
70.50
67.50
75.20
63.40
62.80
79.70
78.80
74.20
71.00
74.50
109.70
67.20
78.30
73.70
76.50
117.20
76.00
67.70
70.60
94.20
156.10
88.00
88.70
70.30
62.20
83.60
100.10
64.20
74.40
77.30
69.60
93.70
74.90
75.30
67.30
68.20
88.60
53.00
74.30
150.20
80.40
77.10
85.00
91.40
63.60
66.50
60.20
67.50
63.80
75.60
63.00
59.10
80.80
74.10
62.80
89.30
81.60
93.00
74.40
83.20
71.50
69.50
96.20
69.70
72.30
94.70
72.10
98.30
82.40
83.20
61.40
78.90
101.70
56.50
77.00
74.60
68.40
80.00
71.30
76.30
86.20
77.60
72.20
86.90
72.40
54.70
76.10
145.20
78.40
98.70
86.50
74.10
63.10
60.90
71.80
97.60
53.80
53.30
64.30
75.80
71.40
82.30
53.20
80.50
68.20
98.40
94.00
81.90
65.50
164.50
102.20
139.80
90.90
89.40
118.00
107.50
97.70
113.70
113.80
84.10
92.40
98.20
93.60
60.70
143.90
118.00
85.20
80.50
90.80
113.60
142.10
119.10
97.80
245.90
136.50
105.00
107.70
90.30
78.10
76.00
121.30
94.50
73.30
86.80
236.80
377.90
119.20
158.30
178.00
103.10
145.20
150.50
73.10
214.80
99.00
90.40
106.60
111.90
95.70
122.90
118.30
75.50
100.60
76.00
108.50
119.90
107.40
93.60
87.50
71.10
93.30
91.80
92.70
109.90
90.80
190.10
88.20
193.10
115.10
107.90
100.90
90.60
87.60
93.50
111.30
107.90
82.80
355.70
146.50
89.40
71.50
113.40
86.40
186.70
101.70
78.10
75.10
78.60
81.00
113.70
83.20
84.50
118.60
121.70
254.40
224.40
113.50
218.20
73.10
191.20
178.20
172.30
177.40
133.00
192.80
186.10
271.90
116.30
157.90
287.00
157.90
180.20
170.10
225.60
107.60
157.80
693.00
209.90
218.50
186.80
220.60
247.50
161.60
272.10
264.80
252.00
108.70
229.30
180.90
228.70
217.00
143.60
238.20
224.90
294.00
249.90
266.90
199.50
284.10
218.10
240.50
395.10
190.20
182.30
160.00
218.00
190.00
262.10
332.20
271.30
310.50
134.00
101.20
122.50
174.80
308.90
197.50
458.10
272.50
336.10
268.20
143.20
282.70
200.70
120.60
196.20
229.80
121.30
100.30
283.10
184.00
241.30
803.80
2541.10
181.50
200.10
175.00
154.20
203.20
132.50
214.40
158.70
264.60
173.20
719.90
289.20
378.90
151.00
160.00
251.90
344.20
185.90
211.60
1076.10
705.70
251.50
579.40
194.20
1819.70
398.30
340.00
431.90
713.70
303.90
2787.80
964.50
356.90
558.70
649.10
294.60
561.40
501.80
596.50
693.70
481.70
535.10
614.50
442.20
539.80
483.20
591.80
310.90
402.60
482.80
404.00
546.30
431.50
353.60
3556.80
609.50
339.50
644.50
495.50
481.70
500.00
357.60
671.70
627.20
954.40
568.10
426.70
698.60
829.10
579.10
714.40
672.70
476.70
183.50
370.50
723.60
517.70
310.20
382.10
725.80
285.00
232.50
794.10
1241.20
860.30
141.40
405.60
536.70
3537.90
854.80
300.00
295.30
361.30
297.10
533.30
663.60
604.90
395.00
285.50
351.50
718.10
554.10
651.10
423.60
379.50
167.40
621.10
333.10
390.60
735.00
719.40
540.60
360.20
415.00
416.00
344.50
586.20
502.00
1415.20
640.40
1155.80
610.70
2653.70
1338.20
910.00
1335.20
1342.70
3332.20
3048.60
1394.90
1608.00
1156.10
2893.10
749.40
3787.40
7996.90
2006.40
1005.80
1136.60
496.60
1199.70
838.20
1108.40
620.50
2498.90
1106.90
802.10
1716.80
386.20
1657.60
1724.20
2198.30
1566.40
1039.90
9911.10
2370.10
1697.20
1350.30
1250.80
733.70
591.50
1084.40
1271.50
2730.50
1367.30
1101.60
1233.40
2756.00
1842.20
2055.30
1943.20
3001.90
1460.90
1301.20
2188.40
1274.30
1279.40
2249.00
917.90
1458.20
1133.40
930.50
1179.20
2483.80
1767.10
1053.40
1825.60
1075.50
1841.90
1120.10
1263.90
1049.30
618.40
1353.80
1885.80
1334.00
1123.70
1395.80
1879.00
667.10
2377.00
1617.30
1256.60
544.70
1146.70
335.50
1371.70
792.10
1456.30
388.30
2757.90
1197.30
764.20
1413.60
728.10
1291.80
887.80
