9
11
10
6
2
11
10
9
7
5
9
4
4
8
11
2
5
3
9
7
7
11
10
5
4
2
6
7
11
6
2
6
6
11
4
6
11
8
5
4
11
4
3
7
3
11
5
9
8
6
9
6
6
10
3
3
7
4
10
6
8
5
8
5
8
10
3
8
10
3
6
10
3
11
8
6
2
7
5
10
7
8
6
10
2
8
5
9
2
7
8
9
10
4
5
10
7
7
8
33
62
60
76
90
26
35
61
57
44
15
51
86
35
16
33
52
83
93
82
70
84
2
33
20
47
21
87
4
16
94
30
55
100
53
20
12
55
8
8
10
57
64
3
76
69
89
78
81
63
56
27
12
95
10
85
37
7
15
41
66
58
53
32
99
45
69
64
48
70
78
73
15
48
54
57
70
10
45
27
4
55
56
40
72
63
69
26
38
46
38
83
96
14
67
3
87
58
30
692
567
319
80
108
706
401
785
436
817
245
824
594
850
612
76
663
251
456
416
764
945
668
217
81
938
938
657
707
700
602
827
773
22
662
545
235
378
107
984
524
335
356
279
885
627
318
402
215
89
453
166
151
693
923
370
213
927
480
970
190
563
408
745
203
99
561
760
686
845
932
582
466
170
933
587
186
12
805
742
488
751
599
700
583
691
678
657
460
933
241
355
12
918
477
506
746
728
806
7712
1149
3918
1303
5939
8216
7843
1299
1791
9767
3467
1278
4191
8466
8924
837
6323
7126
1167
1763
8341
7633
8353
7219
8117
3194
1889
1988
8861
3952
1429
2085
5470
5013
6114
2956
8341
2048
3859
1014
6323
3622
3784
828
9488
2381
8619
5269
1381
8180
63
478
9713
8822
4608
4383
4534
395
2465
7509
5976
3090
6030
2900
241
8996
7782
9395
9827
8470
9612
5541
2952
7093
502
5681
8817
9100
2203
8334
4722
770
3243
32
8079
5400
4151
1898
694
6064
4348
590
6275
9484
3282
8316
5186
5116
3674
61271
90880
80892
87621
20402
5076
89537
95308
32189
82256
56427
41517
93782
81844
50645
93833
37946
15411
65433
26919
32494
3745
10920
50173
54382
8127
63952
81887
29216
85138
23623
82914
31339
66902
83848
40140
34497
69371
68925
22674
41867
60253
14040
33802
84103
97275
11996
51706
47915
89401
71064
20223
84297
22462
54474
26797
61269
20656
31057
67019
15461
95664
71168
33485
48718
5700
74841
23299
95282
70931
21216
90512
43746
67749
6084
53620
95190
459
42774
2406
77872
92340
27781
64698
17920
90279
83161
64610
64520
57770
39073
76120
89684
95393
42009
14954
9501
56393
90262
299609
376337
993182
81296
523439
189257
618840
722291
331312
59867
673769
925487
652549
908512
753533
136092
904620
991042
153593
807271
13515
310210
395838
579596
830587
248662
800338
721702
710793
712825
231212
872186
806222
444218
909201
492949
584769
878334
737204
821489
121046
790114
483700
186216
853326
117482
461831
357913
303129
403396
127630
71138
487474
664513
521006
677554
69934
556326
699089
448749
603382
250965
571295
842596
816597
8097
178941
237193
678000
191163
73351
550983
574404
60540
540060
29224
342133
397371
881818
999947
235676
777053
412856
430907
271108
363454
210663
836090
409486
589562
264712
895470
279761
759514
250397
810567
306114
578009
82104
4376237
7046589
1556971
2211667
1936800
6075000
6427054
1588028
4851337
8873210
8311163
5859379
700395
8656440
83513
2572595
5071061
4195515
2895634
2073913
6302539
228242
6289144
118159
1130282
6846581
3816874
1630548
3259854
2474959
4358810
3553789
300465
3456102
4476690
704222
9866366
5205752
4511049
3693166
8043702
1107234
9530929
600739
4570658
9424655
8883710
794065
4943797
4128342
7904583
7566851
3348552
9561636
9202990
5383883
980905
4682312
3137367
8692671
9346026
1078089
6691058
334937
1978726
3905664
6533997
9728008
9803644
8080806
842541
8369817
4612777
8837316
4081514
9041953
9086876
322457
5165590
5858059
8124133
9392104
4624719
4730432
956334
3232009
2035041
6772137
8703037
8352175
4266103
4283071
8167659
670127
158445
1062474
7896807
8361932
8554407
62707911
1895630
64726248
51838520
11162262
77951991
75455709
2564365
81994491
61228319
59156157
74172102
97522460
13693498
3310340
62620759
17538265
79365108
28411512
51266480
70010547
7867625
86090087
72819192
60108515
11429906
13989926
17473223
30578666
61179505
48984099
29564143
80023356
92582600
13469463
93060524
12415353
61953652
33802462
3511315
99689192
49306533
67113376
77118763
5222669
76433521
85740228
88240893
35933247
38187647
20043669
53550393
67463311
83864033
6423466
11262264
52146930
29571481
71438397
63296093
80178428
12351771
79238534
35841070
63275280
78869808
85582581
84772957
51321570
60700930
28585782
63468194
94755857
1490218
15707698
41619906
15052812
32166954
84177135
66311985
99403292
2526454
24667355
76434207
94220006
24400116
53467086
77283559
58537871
88854430
7214968
18244337
30782023
64980208
59009464
46454820
71309727
77578937
57208200
