334.20
135.90
123.20
92.20
112.10
161.10
378.10
306.30
155.40
127.20
121.70
104.60
112.60
101.50
103.90
115.20
139.20
117.20
114.20
113.70
141.10
123.00
148.60
180.70
101.30
101.20
123.90
111.40
102.50
112.10
100.90
91.50
92.50
99.00
107.00
142.50
125.40
207.90
123.10
148.70
146.20
118.60
120.40
128.50
118.60
109.20
118.90
89.40
108.90
114.20
94.70
98.80
96.70
99.80
120.20
125.30
116.10
118.00
101.00
92.60
87.10
84.70
100.70
100.10
116.60
112.00
118.60
204.40
190.10
139.50
143.50
233.60
109.40
108.20
108.70
100.50
86.40
108.70
133.70
90.50
93.90
98.80
93.60
112.50
101.50
102.30
102.20
83.40
79.90
96.50
93.50
112.30
87.30
110.90
95.60
87.70
164.00
154.90
255.50
170.20
224.90
181.60
140.00
99.50
122.10
118.20
87.40
93.00
110.90
99.70
87.70
126.20
118.80
87.00
141.30
107.30
107.10
107.80
110.60
94.40
93.30
125.80
133.00
83.50
104.60
107.80
216.40
132.10
404.60
147.50
375.70
192.50
142.80
113.00
102.50
89.40
86.60
94.10
100.50
124.00
124.90
108.80
86.90
92.00
96.70
87.50
99.40
93.40
109.10
116.10
120.40
108.80
94.50
91.40
92.80
93.40
93.90
91.60
88.90
93.30
178.30
176.50
194.10
267.00
168.20
212.00
137.50
117.50
123.90
283.60
109.10
91.70
110.50
99.70
96.50
92.60
88.00
92.10
92.00
112.10
126.00
96.50
94.60
96.20
110.10
98.00
98.80
90.60
101.60
88.40
107.10
89.00
98.90
122.40
203.80
163.90
142.10
145.70
639.80
299.30
237.40
131.30
146.90
164.40
187.40
102.50
164.90
225.90
28112.10
358.90
247.40
253.20
307.40
348.60
197.00
349.90
5243.00
686.90
574.40
1021.40
514.10
431.50
386.70
297.40
278.40
429.80
332.70
185.20
245.80
128.40
124.50
200.60
143.80
161.60
336.00
224.40
292.30
148.50
372.80
344.50
195.90
241.00
95.10
128.10
158.70
126.10
207.80
169.80
93.30
174.00
168.80
117.10
106.80
182.40
102.20
127.20
185.90
148.70
229.30
141.20
164.90
139.80
162.40
137.00
179.90
268.40
536.40
424.10
250.70
164.30
267.90
136.20
204.50
96.00
375.90
171.10
181.50
209.70
91.80
160.10
195.70
206.20
111.60
147.40
113.10
231.20
186.10
93.60
173.50
130.60
96.10
173.90
132.90
201.90
666.40
370.50
344.80
1351.70
1005.40
203.80
1307.20
1115.40
1574.80
792.10
1180.90
397.50
1221.40
1142.80
1400.80
170.70
1352.80
930.50
1071.40
811.90
1329.50
471.20
1350.00
2473.00
979.90
1415.80
172.50
1292.10
1197.90
193.30
133.50
1338.70
1590.00
386.60
1293.40
1665.70
773.90
799.70
105.10
1031.50
672.70
1414.70
1331.80
1172.80
422.20
471.60
1143.60
2001.40
1931.70
703.80
1040.80
420.40
374.10
580.10
965.50
809.70
1274.30
1184.10
851.60
770.80
1214.90
762.50
1476.10
213.20
1278.40
851.40
1030.20
220.90
1300.70
274.40
298.70
1043.60
1890.10
1837.70
1145.40
707.00
350.90
521.40
1049.30
1038.50
1004.00
1219.30
1037.40
221.40
433.20
1266.80
1414.70
983.00
883.30
350.40
991.30
1386.80
532.90
975.40
875.10
167.00
625.80
342.30
597.10
1997.20
644.70
413.10
9735.70
3166.10
2903.20
4923.00
6011.40
10681.20
11847.40
1327.70
11077.90
1901.90
7896.80
9941.50
6742.40
9639.00
12239.40
8708.80
657.00
10851.50
7213.60
9340.80
7059.80
1627.00
8290.00
2384.20
5067.30
8393.70
12480.40
3828.00
9309.60
9756.30
10938.00
9799.50
5857.30
839.20
4985.70
8117.60
9069.30
6059.40
9090.90
12589.70
3361.20
3275.70
8657.40
2461.70
12308.60
1093.10
8155.40
9932.10
9976.50
8324.40
10512.50
5475.70
6285.20
4435.30
12189.00
6409.20
10523.80
9256.90
9814.50
11861.90
3090.00
9476.90
4144.10
11186.70
7678.30
7505.40
11456.60
5502.50
8890.50
6449.50
7677.60
637.30
11678.50
9631.20
12288.90
8044.20
1098.20
7188.20
9775.80
6720.60
4859.10
10048.50
8665.10
4142.10
2575.80
6188.00
8255.10
7841.40
7469.70
6666.60
11814.70
1420.20
787.00
1287.60
32740.70
10968.60
5061.50
10737.10
2108.10
118058.80
88901.70
41883.40
47000.00
106817.60
32812.70
115393.00
51864.40
18114.10
106643.90
41307.20
89863.00
58752.80
67620.80
62705.10
909.10
55524.20
27413.00
96545.80
66686.70
76416.00
107363.40
30519.70
26786.80
70832.50
9846.70
47033.70
87985.90
69411.80
49169.80
112207.20
99361.20
116614.30
65762.50
92321.40
42434.50
115451.20
93567.20
31252.30
47831.40
120132.90
56148.50
6389.60
63264.60
70797.10
34907.10
107621.70
35605.10
100244.90
68244.50
69612.60
86790.10
22002.40
21112.20
110520.60
19956.80
73266.80
34595.50
71115.20
116258.70
62519.30
68614.40
100911.60
97304.60
114396.40
21287.60
107217.70
20270.40
10994.60
2535.40
116161.60
96325.80
22560.80
67425.20
12603.10
97434.40
3046.60
11958.00
1435.50
42533.70
11047.60
88757.10
88009.20
13205.10
7690.70
92974.20
29281.80
121231.60
74343.20
84687.10
102328.90
52206.60
121692.70
100185.70
48173.30
37188.80
101855.90
48030.80
72299.80
706039.40
612626.30
82383.90
68259.80
771176.10
358572.20
554558.40
444248.30
749177.30
341446.50
356041.40
698843.90
342876.60
151498.60
539608.00
999560.40
986272.10
124866.80
324811.60
30458.40
498429.30
958942.90
615493.20
247852.70
304534.70
654707.50
583356.00
449454.10
346794.70
244069.80
883906.10
317314.50
309917.90
598233.50
894636.30
159687.20
624279.30
445841.90
398311.60
748667.40
174096.30
488386.70
455181.80
667026.20
241294.60
1009226.40
605705.10
34600.20
561511.10
296608.50
577663.40
1019714.10
189008.80
277515.20
874337.00
657848.50
365325.70
753288.30
81203.80
943145.80
249593.90
459028.90
557188.40
178501.80
318587.10
203690.50
916274.80
985722.30
342450.70
320261.90
420460.90
281226.90
997525.00
523080.80
983772.20
468923.70
316837.60
942395.50
714465.70
912720.90
163402.10
253787.60
943303.40
237288.30
837387.70
902521.90
231241.10
594442.30
808673.10
254663.60
373906.50
815405.10
152194.00
367300.40
531129.90
490203.20
410629.90
191977.90
730755.40
415581.00
2526752.50
5449309.50
5012022.20
10218543.00
2133376.70
10298576.80
157091.60
11757216.80
4593412.70
572823.80
843213.50
9059662.60
814947.80
10120373.00
3910561.30
2250274.60
11309974.00
10092737.20
4495521.60
1936300.20
7676130.80
2534622.70
7212668.60
5132523.70
8856765.50
3154564.40
10640096.30
2007052.80
8474423.90
2649906.10
11223590.60
9122274.50
9456870.60
1732463.60
11063925.90
3573266.60
8779043.40
6197187.90
9074562.90
7246288.20
7204565.80
7428447.20
10678642.20
2357855.30
10090533.70
10826120.70
2933776.50
7172369.90
10752731.40
10137104.50
1478256.70
2293803.30
10001822.40
6987689.90
5695302.50
1343499.60
4663310.50
1616118.90
960356.80
9203738.60
1440493.30
6454947.50
4929671.10
8610509.50
7744139.60
5704698.70
9561597.50
8079177.20
7771436.50
11337863.80
9339974.30
2311297.90
1944587.80
9821942.10
10420773.20
8241728.90
8216913.30
10172562.40
7536665.90
3873571.50
987078.20
9074108.20
2426331.50
6820232.30
3141132.60
10296906.70
2028472.50
8089781.60
9356489.10
6512167.60
8806458.30
4029044.30
4627526.20
9832196.60
11489930.50
6838663.80
1060505.20
10145160.10
