1 10 5 1 3 2 4.30
1 10 2 1 3 2 4.30
1 10 6 1 3 2 3.30
1 10 8 1 3 2 3.70
1 10 6 1 3 2 3.70
1 10 10 1 3 2 3.50
1 10 5 1 3 2 3.10
1 10 8 1 3 2 3.60
1 10 4 1 3 2 3.60
1 10 8 1 3 2 10.50
1 10 6 1 3 2 3.50
1 10 10 1 3 2 3.70
1 10 4 1 3 2 2.50
1 10 1 1 3 2 3.40
1 10 4 1 3 2 2.50
1 10 7 1 3 2 3.60
1 10 7 1 3 2 10.70
1 10 8 1 3 2 4.40
1 10 4 1 3 2 4.80
1 10 9 1 3 2 3.90
1 10 9 1 3 2 3.30
1 10 7 1 3 2 10.20
1 10 6 1 3 2 4.40
1 10 6 1 3 2 39.10
1 10 8 1 3 2 5.30
1 10 10 1 3 2 6.60
1 10 1 1 3 2 4.30
1 10 8 1 3 2 3.50
1 10 4 1 3 2 3.20
1 10 4 1 3 2 2.80
1 10 10 1 3 2 3.50
1 10 7 1 3 2 3.80
1 10 10 1 3 2 2.90
1 10 5 1 3 2 6.10
1 10 2 1 3 2 29.70
1 10 4 1 3 2 6.30
1 10 9 1 3 2 7.00
1 10 5 1 3 2 33.70
1 10 6 1 3 2 5.60
1 10 8 1 3 2 5.80
1 10 10 1 3 2 6.90
1 10 10 1 3 2 4.50
1 10 10 1 3 2 3.10
1 10 10 1 3 2 3.00
1 10 6 1 3 2 2.80
1 10 1 1 3 2 3.20
1 10 2 1 3 2 3.00
1 10 3 1 3 2 2.70
1 10 4 1 3 2 2.90
1 10 3 1 3 2 5.90
1 10 9 1 3 2 4.00
1 10 5 1 3 2 7.20
1 10 6 1 3 2 3.20
1 10 1 1 3 2 2.60
1 10 5 1 3 2 2.70
1 10 8 1 3 2 3.20
1 10 7 1 3 2 4.50
1 10 4 1 3 2 52.30
1 10 9 1 3 2 6.70
1 10 7 1 3 2 5.30
1 10 9 1 3 2 3.80
1 10 1 1 3 2 4.50
1 10 1 1 3 2 3.80
1 10 4 1 3 2 3.30
1 10 9 1 3 2 3.00
1 10 5 1 3 2 3.10
1 10 10 1 3 2 2.70
1 10 7 1 3 2 2.60
1 10 8 1 3 2 2.50
1 10 9 1 3 2 3.90
1 10 7 1 3 2 4.80
1 10 6 1 3 2 4.60
1 10 5 1 3 2 3.90
1 10 5 1 3 2 6.40
1 10 10 1 3 2 4.70
1 10 7 1 3 2 4.40
1 10 7 1 3 2 2.70
1 10 3 1 3 2 3.10
1 10 7 1 3 2 3.20
1 10 3 1 3 2 3.50
1 10 6 1 3 2 3.10
1 10 8 1 3 2 3.50
1 10 1 1 3 2 3.50
1 10 1 1 3 2 2.70
1 10 3 1 3 2 3.30
1 10 8 1 3 2 4.30
1 10 7 1 3 2 2.70
1 10 5 1 3 2 3.60
1 10 2 1 3 2 4.20
1 10 7 1 3 2 3.10
1 10 3 1 3 2 2.90
1 10 3 1 3 2 3.30
1 10 5 1 3 2 2.80
1 10 5 1 3 2 2.70
1 10 9 1 3 2 3.50
1 10 10 1 3 2 3.40
1 10 1 1 3 2 6.60
1 10 8 1 3 2 5.60
1 10 5 1 3 2 16.20
1 100 26 1 9 8 9.70
1 100 73 1 9 8 7.00
1 100 26 1 9 8 5.90
1 100 32 1 9 8 4.40
1 100 26 1 9 8 5.10
1 100 53 1 9 8 5.30
1 100 48 1 9 8 3.40
1 100 9 1 9 8 4.70
1 100 17 1 9 8 3.90
1 100 12 1 9 8 5.20
1 100 40 1 9 8 3.60
1 100 42 1 9 8 4.70
1 100 17 1 9 8 5.80
1 100 86 1 9 8 4.50
1 100 82 1 9 8 3.70
1 100 75 1 9 8 4.30
1 100 94 1 9 8 4.60
1 100 18 1 9 8 3.70
1 100 51 1 9 8 3.70
1 100 83 1 9 8 4.40
1 100 22 1 9 8 3.60
1 100 4 1 9 8 3.40
1 100 96 1 9 8 3.50
1 100 55 1 9 8 3.70
1 100 8 1 9 8 4.80
1 100 78 1 9 8 4.70
1 100 70 1 9 8 5.80
1 100 89 1 9 8 6.00
1 100 13 1 9 8 5.40
1 100 57 1 9 8 3.40
1 100 10 1 9 8 3.10
1 100 84 1 9 8 3.70
1 100 10 1 9 8 3.20
1 100 40 1 9 8 3.20
1 100 60 1 9 8 3.00
1 100 27 1 9 8 4.40
1 100 13 1 9 8 4.00
1 100 38 1 9 8 5.10
1 100 50 1 9 8 4.90
1 100 37 1 9 8 5.40
1 100 46 1 9 8 8.90
1 100 74 1 9 8 13.00
1 100 88 1 9 8 11.30
1 100 59 1 9 8 8.40
1 100 9 1 9 8 5.60
1 100 66 1 9 8 6.50
1 100 14 1 9 8 3.60
1 100 52 1 9 8 6.10
1 100 40 1 9 8 5.10
1 100 81 1 9 8 6.20
1 100 83 1 9 8 6.60
1 100 36 1 9 8 3.80
1 100 71 1 9 8 3.80
1 100 36 1 9 8 3.10
1 100 82 1 9 8 3.10
1 100 9 1 9 8 3.40
1 100 83 1 9 8 3.20
1 100 9 1 9 8 3.60
1 100 10 1 9 8 4.80
1 100 49 1 9 8 5.40
1 100 97 1 9 8 6.80
1 100 86 1 9 8 6.80
1 100 36 1 9 8 4.10
1 100 74 1 9 8 4.00
1 100 83 1 9 8 3.80
1 100 63 1 9 8 3.60
1 100 29 1 9 8 4.50
1 100 32 1 9 8 4.20
1 100 98 1 9 8 4.00
1 100 25 1 9 8 9.00
1 100 58 1 9 8 3.60
1 100 6 1 9 8 6.90
1 100 29 1 9 8 6.20
1 100 22 1 9 8 8.00
1 100 61 1 9 8 11.20
1 100 100 1 9 8 11.50
1 100 62 1 9 8 12.80
1 100 58 1 9 8 8.70
1 100 50 1 9 8 8.90
1 100 26 1 9 8 20.70
1 100 97 1 9 8 4.20
1 100 83 1 9 8 5.60
1 100 32 1 9 8 4.60
1 100 37 1 9 8 5.80
1 100 48 1 9 8 5.40
1 100 95 1 9 8 5.60
1 100 64 1 9 8 5.70
1 100 26 1 9 8 4.40
1 100 93 1 9 8 3.70
1 100 84 1 9 8 3.60
1 100 15 1 9 8 3.40
1 100 41 1 9 8 3.00
1 100 12 1 9 8 4.80
1 100 55 1 9 8 4.70
1 100 64 1 9 8 3.60
1 100 84 1 9 8 4.80
1 100 56 1 9 8 4.50
1 100 89 1 9 8 3.10
1 100 80 1 9 8 2.70
1 1000 888 1 27 26 42.40
1 1000 936 1 27 26 12.70
1 1000 618 1 27 26 13.00
1 1000 244 1 27 26 19.80
1 1000 344 1 27 26 21.20
1 1000 448 1 27 26 11.20
1 1000 670 1 27 26 11.20
1 1000 3 1 27 26 11.10
1 1000 550 1 27 26 11.10
1 1000 702 1 27 26 11.10
1 1000 574 1 27 26 20.90
1 1000 817 1 27 26 18.80
1 1000 261 1 27 26 17.20
1 1000 497 1 27 26 36.20
1 1000 911 1 27 26 51.00
1 1000 817 1 27 26 15.30
1 1000 159 1 27 26 20.70
1 1000 706 1 27 26 19.30
1 1000 957 1 27 26 12.10
1 1000 466 1 27 26 19.10
1 1000 372 1 27 26 17.40
1 1000 182 1 27 26 19.10
1 1000 192 1 27 26 12.80
1 1000 497 1 27 26 18.20
1 1000 789 1 27 26 11.50
1 1000 932 1 27 26 11.30
1 1000 490 1 27 26 11.10
1 1000 990 1 27 26 24.00
1 1000 383 1 27 26 20.50
1 1000 251 1 27 26 11.40
1 1000 915 1 27 26 11.00
1 1000 106 1 27 26 11.10
1 1000 201 1 27 26 11.40
1 1000 877 1 27 26 13.30
1 1000 196 1 27 26 11.40
1 1000 486 1 27 26 11.20
1 1000 576 1 27 26 10.90
1 1000 270 1 27 26 10.90
1 1000 478 1 27 26 11.40
1 1000 16 1 27 26 11.00
1 1000 639 1 27 26 21.00
1 1000 861 1 27 26 11.40
1 1000 376 1 27 26 11.10
1 1000 411 1 27 26 11.10
1 1000 64 1 27 26 11.10
1 1000 329 1 27 26 31.40
1 1000 619 1 27 26 20.30
1 1000 303 1 27 26 20.20
1 1000 984 1 27 26 18.40
1 1000 138 1 27 26 20.90
1 1000 54 1 27 26 12.10
1 1000 571 1 27 26 11.50
1 1000 593 1 27 26 11.40
1 1000 285 1 27 26 11.10
1 1000 110 1 27 26 10.90
1 1000 443 1 27 26 11.40
1 1000 42 1 27 26 21.40
1 1000 275 1 27 26 19.10
1 1000 706 1 27 26 27.20
1 1000 567 1 27 26 30.10
1 1000 850 1 27 26 14.00
1 1000 255 1 27 26 23.70
1 1000 614 1 27 26 22.20
1 1000 475 1 27 26 20.30
1 1000 587 1 27 26 14.00
1 1000 383 1 27 26 24.80
1 1000 587 1 27 26 17.10
1 1000 721 1 27 26 12.80
1 1000 573 1 27 26 18.50
1 1000 414 1 27 26 20.80
1 1000 67 1 27 26 18.00
1 1000 139 1 27 26 19.90
1 1000 468 1 27 26 12.00
1 1000 152 1 27 26 11.30
1 1000 749 1 27 26 11.60
1 1000 9 1 27 26 15.60
1 1000 802 1 27 26 11.40
1 1000 585 1 27 26 11.40
1 1000 651 1 27 26 11.50
1 1000 962 1 27 26 11.20
1 1000 92 1 27 26 12.70
1 1000 492 1 27 26 11.00
1 1000 831 1 27 26 11.00
1 1000 725 1 27 26 11.30
1 1000 136 1 27 26 16.80
1 1000 183 1 27 26 12.60
1 1000 131 1 27 26 14.00
1 1000 987 1 27 26 19.30
1 1000 839 1 27 26 17.40
1 1000 42 1 27 26 19.60
1 1000 710 1 27 26 12.40
1 1000 358 1 27 26 11.40
1 1000 242 1 27 26 11.40
1 1000 765 1 27 26 19.10
1 1000 223 1 27 26 12.40
1 1000 355 1 27 26 12.00
1 1000 635 1 27 26 17.90
1 1000 886 1 27 26 25.80
1 1000 799 1 27 26 12.20
1 10000 3634 1 81 80 103.90
1 10000 4252 1 81 80 169.10
1 10000 840 1 81 80 128.40
1 10000 9256 1 81 80 183.30
1 10000 8552 1 81 80 105.80
1 10000 7995 1 81 80 120.10
1 10000 4416 1 81 80 122.10
1 10000 9058 1 81 80 130.50
1 10000 1165 1 81 80 102.80
1 10000 2162 1 81 80 107.30
1 10000 3233 1 81 80 134.70
1 10000 9598 1 81 80 101.70
1 10000 277 1 81 80 108.80
1 10000 7831 1 81 80 114.40
1 10000 5442 1 81 80 100.70
1 10000 7290 1 81 80 112.40
1 10000 4814 1 81 80 101.30
1 10000 6912 1 81 80 100.20
1 10000 1759 1 81 80 105.20
1 10000 8520 1 81 80 100.60
1 10000 9785 1 81 80 105.20
1 10000 5077 1 81 80 109.10
1 10000 9978 1 81 80 104.80
1 10000 738 1 81 80 101.50
1 10000 9231 1 81 80 104.00
1 10000 7073 1 81 80 103.50
1 10000 726 1 81 80 121.00
1 10000 222 1 81 80 104.90
1 10000 9708 1 81 80 116.80
1 10000 8291 1 81 80 102.00
1 10000 1605 1 81 80 103.70
1 10000 8583 1 81 80 101.50
1 10000 6570 1 81 80 101.20
1 10000 2715 1 81 80 100.80
1 10000 4700 1 81 80 121.30
1 10000 77 1 81 80 141.80
1 10000 7339 1 81 80 101.40
1 10000 2868 1 81 80 100.30
1 10000 9685 1 81 80 118.50
1 10000 9666 1 81 80 140.20
1 10000 5661 1 81 80 131.00
1 10000 2305 1 81 80 127.10
1 10000 2701 1 81 80 127.90
1 10000 8195 1 81 80 119.30
1 10000 8443 1 81 80 105.10
1 10000 7776 1 81 80 204.80
1 10000 3132 1 81 80 152.00
1 10000 7104 1 81 80 184.50
1 10000 1397 1 81 80 105.40
1 10000 1973 1 81 80 103.90
1 10000 3355 1 81 80 140.60
1 10000 6059 1 81 80 101.30
1 10000 5566 1 81 80 131.50
1 10000 7149 1 81 80 101.40
1 10000 6202 1 81 80 101.00
1 10000 4844 1 81 80 105.40
1 10000 1361 1 81 80 106.70
1 10000 2913 1 81 80 115.50
1 10000 3442 1 81 80 100.90
1 10000 9972 1 81 80 260.10
1 10000 909 1 81 80 119.50
1 10000 6413 1 81 80 107.60
1 10000 4659 1 81 80 187.10
1 10000 6880 1 81 80 110.10
1 10000 391 1 81 80 123.10
1 10000 8784 1 81 80 144.20
1 10000 1050 1 81 80 101.40
1 10000 1486 1 81 80 117.40
1 10000 6901 1 81 80 112.60
1 10000 8419 1 81 80 107.80
1 10000 8898 1 81 80 100.90
1 10000 7118 1 81 80 100.50
1 10000 2865 1 81 80 187.60
1 10000 1802 1 81 80 154.30
1 10000 2884 1 81 80 145.90
1 10000 6701 1 81 80 109.50
1 10000 5886 1 81 80 166.10
1 10000 3817 1 81 80 304.00
1 10000 8692 1 81 80 107.00
1 10000 6282 1 81 80 102.50
1 10000 1230 1 81 80 119.40
1 10000 913 1 81 80 121.70
1 10000 3913 1 81 80 102.90
1 10000 6899 1 81 80 114.70
1 10000 4954 1 81 80 103.80
1 10000 4558 1 81 80 105.10
1 10000 1795 1 81 80 104.80
1 10000 5898 1 81 80 106.20
1 10000 8027 1 81 80 110.30
1 10000 3054 1 81 80 104.80
1 10000 6254 1 81 80 100.30
1 10000 6030 1 81 80 104.90
1 10000 159 1 81 80 100.60
1 10000 3437 1 81 80 169.50
1 10000 701 1 81 80 102.40
1 10000 671 1 81 80 100.70
1 10000 9942 1 81 80 100.70
1 10000 3101 1 81 80 100.80
1 10000 1748 1 81 80 135.10
1 100000 91024 1 243 242 1012.00
1 100000 14956 1 243 242 1006.30
1 100000 24519 1 243 242 1007.20
1 100000 43633 1 243 242 1642.20
1 100000 40616 1 243 242 1004.20
1 100000 95626 1 243 242 1777.00
1 100000 90919 1 243 242 1022.20
1 100000 9724 1 243 242 1016.40
1 100000 78321 1 243 242 1108.40
1 100000 15538 1 243 242 1012.40
1 100000 48600 1 243 242 1129.00
1 100000 91630 1 243 242 1782.40
1 100000 48492 1 243 242 1158.00
1 100000 91094 1 243 242 1535.10
1 100000 92752 1 243 242 1003.70
1 100000 55259 1 243 242 1813.00
1 100000 2387 1 243 242 1016.00
1 100000 87344 1 243 242 1011.20
1 100000 60790 1 243 242 1041.80
1 100000 67674 1 243 242 1007.30
1 100000 66500 1 243 242 1043.80
1 100000 12351 1 243 242 1010.90
1 100000 61231 1 243 242 1007.80
1 100000 12426 1 243 242 1007.40
1 100000 34435 1 243 242 1484.70
1 100000 71264 1 243 242 1039.70
1 100000 64672 1 243 242 1011.60
1 100000 30434 1 243 242 1086.30
1 100000 68537 1 243 242 1008.70
1 100000 96990 1 243 242 1088.90
1 100000 91054 1 243 242 1009.00
1 100000 68902 1 243 242 1113.60
1 100000 35105 1 243 242 1001.50
1 100000 2823 1 243 242 1013.40
1 100000 25197 1 243 242 1106.90
1 100000 75976 1 243 242 1145.00
1 100000 62556 1 243 242 1130.10
1 100000 40393 1 243 242 1014.50
1 100000 62188 1 243 242 1054.30
1 100000 94293 1 243 242 1010.60
1 100000 29068 1 243 242 1066.90
1 100000 26785 1 243 242 1035.60
1 100000 54873 1 243 242 1152.40
1 100000 20955 1 243 242 1010.90
1 100000 89487 1 243 242 1047.20
1 100000 6487 1 243 242 1009.00
1 100000 79015 1 243 242 1074.30
1 100000 77997 1 243 242 1177.60
1 100000 72371 1 243 242 1004.10
1 100000 82534 1 243 242 1001.50
1 100000 80399 1 243 242 1089.00
1 100000 51680 1 243 242 1093.40
1 100000 36153 1 243 242 1006.10
1 100000 35972 1 243 242 1016.60
1 100000 94322 1 243 242 1055.40
1 100000 58366 1 243 242 1028.90
1 100000 64698 1 243 242 1026.20
1 100000 55370 1 243 242 1010.70
1 100000 89343 1 243 242 1086.30
1 100000 88308 1 243 242 1906.10
1 100000 20607 1 243 242 1732.80
1 100000 71723 1 243 242 1005.90
1 100000 35734 1 243 242 1034.50
1 100000 82143 1 243 242 1003.90
1 100000 57108 1 243 242 1803.50
1 100000 67660 1 243 242 1012.40
1 100000 83362 1 243 242 1009.40
1 100000 50469 1 243 242 1787.40
1 100000 53400 1 243 242 1429.30
1 100000 57088 1 243 242 1039.30
1 100000 47461 1 243 242 1076.00
1 100000 3206 1 243 242 1008.00
1 100000 80883 1 243 242 1008.90
1 100000 80512 1 243 242 1004.50
1 100000 98551 1 243 242 1005.90
1 100000 68786 1 243 242 1025.40
1 100000 4110 1 243 242 1010.50
1 100000 60556 1 243 242 1111.30
1 100000 44402 1 243 242 1052.80
1 100000 62678 1 243 242 1183.60
1 100000 23223 1 243 242 1287.50
1 100000 99688 1 243 242 1034.00
1 100000 66605 1 243 242 1115.00
1 100000 32391 1 243 242 1001.40
1 100000 19315 1 243 242 1042.10
1 100000 45492 1 243 242 1017.40
1 100000 78437 1 243 242 1067.00
1 100000 53260 1 243 242 1005.60
1 100000 73611 1 243 242 1001.50
1 100000 47864 1 243 242 1027.20
1 100000 97319 1 243 242 1059.10
1 100000 6971 1 243 242 1359.10
1 100000 2372 1 243 242 1262.70
1 100000 6626 1 243 242 1784.40
1 100000 14404 1 243 242 1151.30
1 100000 40421 1 243 242 1008.80
1 100000 29174 1 243 242 1089.40
1 100000 69666 1 243 242 1009.70
1 100000 14302 1 243 242 1032.70
1 1000000 941851 1 729 728 10945.00
1 1000000 766376 1 729 728 10516.60
1 1000000 368832 1 729 728 9699.70
1 1000000 389508 1 729 728 11527.60
1 1000000 883699 1 729 728 10667.70
1 1000000 254383 1 729 728 10462.50
1 1000000 938149 1 729 728 10779.90
1 1000000 446621 1 729 728 11935.90
1 1000000 151020 1 729 728 10099.40
1 1000000 922725 1 729 728 10173.90
1 1000000 294855 1 729 728 10630.70
1 1000000 737154 1 729 728 9984.10
1 1000000 473961 1 729 728 10973.60
1 1000000 529434 1 729 728 10477.10
1 1000000 495220 1 729 728 10071.80
1 1000000 1611 1 729 728 10776.70
1 1000000 436411 1 729 728 13690.10
1 1000000 227355 1 729 728 10415.80
1 1000000 806999 1 729 728 11048.50
1 1000000 534448 1 729 728 10733.10
1 1000000 636519 1 729 728 10757.90
1 1000000 935835 1 729 728 10095.80
1 1000000 233355 1 729 728 33595.10
1 1000000 215305 1 729 728 15504.60
1 1000000 583791 1 729 728 11914.20
1 1000000 94520 1 729 728 12854.80
1 1000000 361853 1 729 728 11138.50
1 1000000 661563 1 729 728 9653.10
1 1000000 555467 1 729 728 10095.20
1 1000000 399102 1 729 728 11171.90
1 1000000 966026 1 729 728 9697.60
1 1000000 798551 1 729 728 10298.60
1 1000000 950980 1 729 728 10771.90
1 1000000 532117 1 729 728 9787.10
1 1000000 765130 1 729 728 10610.90
1 1000000 354258 1 729 728 10457.20
1 1000000 984780 1 729 728 10124.40
1 1000000 817248 1 729 728 13565.70
1 1000000 276684 1 729 728 11349.60
1 1000000 387870 1 729 728 10516.60
1 1000000 996045 1 729 728 9753.20
1 1000000 460106 1 729 728 10502.20
1 1000000 39896 1 729 728 11261.00
1 1000000 536196 1 729 728 10274.00
1 1000000 583434 1 729 728 11125.20
1 1000000 290044 1 729 728 12032.00
1 1000000 851464 1 729 728 10764.80
1 1000000 289846 1 729 728 10560.30
1 1000000 869792 1 729 728 10498.80
1 1000000 310996 1 729 728 13381.30
1 1000000 556570 1 729 728 14646.80
1 1000000 720268 1 729 728 10351.00
1 1000000 199974 1 729 728 10720.20
1 1000000 172772 1 729 728 11252.50
1 1000000 933786 1 729 728 17296.30
1 1000000 164851 1 729 728 10398.30
1 1000000 592503 1 729 728 13008.00
1 1000000 278527 1 729 728 10635.30
1 1000000 581423 1 729 728 10359.30
1 1000000 990002 1 729 728 10619.60
1 1000000 484160 1 729 728 10319.10
1 1000000 575302 1 729 728 10154.60
1 1000000 881745 1 729 728 10141.20
1 1000000 741325 1 729 728 10338.30
1 1000000 970352 1 729 728 10316.40
1 1000000 186828 1 729 728 9670.90
1 1000000 851319 1 729 728 11042.60
1 1000000 174384 1 729 728 10901.90
1 1000000 75463 1 729 728 9999.70
1 1000000 16360 1 729 728 10579.40
1 1000000 851220 1 729 728 10407.50
1 1000000 781514 1 729 728 9769.50
1 1000000 181513 1 729 728 10044.70
1 1000000 556887 1 729 728 11263.30
1 1000000 101429 1 729 728 10360.10
1 1000000 789068 1 729 728 9910.40
1 1000000 26542 1 729 728 10685.20
1 1000000 87887 1 729 728 10309.30
1 1000000 7254 1 729 728 10210.70
1 1000000 341750 1 729 728 10144.90
1 1000000 104927 1 729 728 10193.00
1 1000000 744242 1 729 728 9987.10
1 1000000 723899 1 729 728 10510.70
1 1000000 105394 1 729 728 9848.40
1 1000000 56417 1 729 728 10525.50
1 1000000 765689 1 729 728 10324.80
1 1000000 253150 1 729 728 9986.80
1 1000000 995028 1 729 728 10122.60
1 1000000 601985 1 729 728 10402.20
1 1000000 701130 1 729 728 9705.50
1 1000000 851912 1 729 728 10488.90
1 1000000 346412 1 729 728 10891.50
1 1000000 996607 1 729 728 10505.40
1 1000000 858702 1 729 728 10443.10
1 1000000 354556 1 729 728 11026.90
1 1000000 318883 1 729 728 10320.50
1 1000000 830508 1 729 728 10557.20
1 1000000 395736 1 729 728 10612.10
1 1000000 588368 1 729 728 10090.50
1 10000000 6426955 1 2187 2186 108688.80
1 10000000 5350571 1 2187 2186 102454.90
1 10000000 669585 1 2187 2186 109532.00
1 10000000 563756 1 2187 2186 101946.00
1 10000000 6966426 1 2187 2186 103476.50
1 10000000 3325893 1 2187 2186 99805.90
1 10000000 5165120 1 2187 2186 104045.90
1 10000000 3997168 1 2187 2186 106995.00
1 10000000 6931406 1 2187 2186 101441.30
1 10000000 3074832 1 2187 2186 102843.30
1 10000000 3241452 1 2187 2186 103169.60
1 10000000 6377371 1 2187 2186 102714.90
1 10000000 3129972 1 2187 2186 103648.90
1 10000000 1319917 1 2187 2186 104978.80
1 10000000 4893093 1 2187 2186 102275.00
1 10000000 9175313 1 2187 2186 99109.20
1 10000000 9045812 1 2187 2186 100641.80
1 10000000 1071021 1 2187 2186 101413.20
1 10000000 2944952 1 2187 2186 102675.90
1 10000000 227296 1 2187 2186 106042.90
1 10000000 4445719 1 2187 2186 103009.10
1 10000000 8765878 1 2187 2186 101822.90
1 10000000 5568967 1 2187 2186 100977.20
1 10000000 2166079 1 2187 2186 100763.70
1 10000000 2684195 1 2187 2186 105927.70
1 10000000 5847339 1 2187 2186 100128.70
1 10000000 5330182 1 2187 2186 100219.30
1 10000000 4192048 1 2187 2186 107650.20
1 10000000 3081708 1 2187 2186 101770.10
1 10000000 2155676 1 2187 2186 102716.90
1 10000000 7966296 1 2187 2186 99937.50
1 10000000 2874731 1 2187 2186 100514.10
1 10000000 2774918 1 2187 2186 121997.30
1 10000000 5294159 1 2187 2186 104116.80
1 10000000 7810730 1 2187 2186 100308.80
1 10000000 977327 1 2187 2186 98915.90
1 10000000 4980377 1 2187 2186 100719.70
1 10000000 3921210 1 2187 2186 101468.40
1 10000000 3550492 1 2187 2186 102626.40
1 10000000 6589086 1 2187 2186 100553.00
1 10000000 1457780 1 2187 2186 111393.80
1 10000000 4436109 1 2187 2186 100211.80
1 10000000 4167509 1 2187 2186 100437.10
1 10000000 5838637 1 2187 2186 100066.40
1 10000000 2056865 1 2187 2186 99829.60
1 10000000 9111959 1 2187 2186 99343.30
1 10000000 5549319 1 2187 2186 100788.50
1 10000000 277332 1 2187 2186 100267.90
1 10000000 5040950 1 2187 2186 99017.20
1 10000000 2606221 1 2187 2186 99594.50
1 10000000 5252080 1 2187 2186 127926.80
1 10000000 9330540 1 2187 2186 121751.80
1 10000000 1656859 1 2187 2186 116756.30
1 10000000 2445600 1 2187 2186 109831.80
1 10000000 7825670 1 2187 2186 115855.40
1 10000000 6009123 1 2187 2186 101383.00
1 10000000 3331843 1 2187 2186 109767.40
1 10000000 6864044 1 2187 2186 122812.40
1 10000000 644366 1 2187 2186 129688.10
1 10000000 8225656 1 2187 2186 100689.40
1 10000000 2260697 1 2187 2186 101909.90
1 10000000 4100357 1 2187 2186 103158.90
1 10000000 5048714 1 2187 2186 101460.80
1 10000000 1617434 1 2187 2186 102340.90
1 10000000 2854558 1 2187 2186 102116.50
1 10000000 1778350 1 2187 2186 104039.50
1 10000000 8354937 1 2187 2186 111020.00
1 10000000 8837749 1 2187 2186 102308.30
1 10000000 3074356 1 2187 2186 100603.50
1 10000000 2914910 1 2187 2186 99324.70
1 10000000 3792927 1 2187 2186 101513.70
1 10000000 2430275 1 2187 2186 100723.40
1 10000000 8826426 1 2187 2186 101052.70
1 10000000 4722495 1 2187 2186 101375.20
1 10000000 8802453 1 2187 2186 99480.80
1 10000000 4217510 1 2187 2186 104031.90
1 10000000 2847195 1 2187 2186 100218.60
1 10000000 8179220 1 2187 2186 100535.50
1 10000000 6541571 1 2187 2186 100428.10
1 10000000 8276561 1 2187 2186 100112.60
1 10000000 1455006 1 2187 2186 101491.10
1 10000000 2238832 1 2187 2186 101314.60
1 10000000 8587001 1 2187 2186 109684.00
1 10000000 2121533 1 2187 2186 101640.40
1 10000000 7421467 1 2187 2186 100072.50
1 10000000 8059442 1 2187 2186 102984.60
1 10000000 2035458 1 2187 2186 105843.50
1 10000000 5345633 1 2187 2186 102140.80
1 10000000 7158125 1 2187 2186 99084.30
1 10000000 2372731 1 2187 2186 128008.70
1 10000000 3428685 1 2187 2186 107748.10
1 10000000 7319594 1 2187 2186 104697.40
1 10000000 1329719 1 2187 2186 99680.10
1 10000000 3280286 1 2187 2186 102229.70
1 10000000 4797453 1 2187 2186 107925.70
1 10000000 4388419 1 2187 2186 102236.40
1 10000000 3650942 1 2187 2186 100444.60
1 10000000 1671233 1 2187 2186 104937.10
1 10000000 6741977 1 2187 2186 102117.30
1 100000000 3787243 1 6561 6560 1053172.30
1 100000000 21609594 1 6561 6560 1018180.90
1 100000000 45748419 1 6561 6560 1052593.70
1 100000000 43315034 1 6561 6560 1029562.10
1 100000000 87097436 1 6561 6560 1023347.50
1 100000000 18808010 1 6561 6560 1026170.90
1 100000000 88897155 1 6561 6560 1047149.00
1 100000000 1282087 1 6561 6560 1054596.10
1 100000000 93197911 1 6561 6560 1021798.00
1 100000000 40162092 1 6561 6560 1026026.50
1 100000000 5006521 1 6561 6560 1054004.70
1 100000000 7234465 1 6561 6560 1031019.30
1 100000000 78359189 1 6561 6560 1024088.10
1 100000000 7107928 1 6561 6560 1043174.30
1 100000000 85552018 1 6561 6560 1073475.00
1 100000000 34381709 1 6561 6560 1070110.20
1 100000000 19782317 1 6561 6560 1072078.80
1 100000000 96146723 1 6561 6560 1039439.40
1 100000000 86313011 1 6561 6560 1053948.20
1 100000000 39821548 1 6561 6560 1042024.90
1 100000000 17161485 1 6561 6560 1047358.30
1 100000000 66036663 1 6561 6560 1053348.90
1 100000000 22159161 1 6561 6560 1039495.90
1 100000000 63258241 1 6561 6560 1063450.60
1 100000000 45337443 1 6561 6560 1041991.00
1 100000000 76293216 1 6561 6560 1060343.20
1 100000000 27792728 1 6561 6560 1048510.70
1 100000000 92228021 1 6561 6560 1061688.90
1 100000000 17570972 1 6561 6560 1049997.30
1 100000000 73662110 1 6561 6560 1050760.10
1 100000000 22809635 1 6561 6560 1051297.30
1 100000000 96776812 1 6561 6560 1068774.30
1 100000000 58472093 1 6561 6560 1047143.20
1 100000000 74088754 1 6561 6560 1075507.70
1 100000000 14218102 1 6561 6560 1069595.20
1 100000000 88966234 1 6561 6560 1075814.00
1 100000000 28736960 1 6561 6560 1046977.70
1 100000000 62931527 1 6561 6560 1060619.60
1 100000000 37843417 1 6561 6560 1046711.00
1 100000000 66763013 1 6561 6560 1056338.00
1 100000000 54067466 1 6561 6560 1070856.50
1 100000000 61813442 1 6561 6560 1049031.80
1 100000000 64260102 1 6561 6560 1074813.40
1 100000000 92265937 1 6561 6560 1051984.60
1 100000000 20802249 1 6561 6560 1084880.60
1 100000000 88249923 1 6561 6560 1076395.00
1 100000000 94429362 1 6561 6560 1071638.70
1 100000000 26109015 1 6561 6560 1063132.90
1 100000000 58838002 1 6561 6560 1081963.50
1 100000000 93935380 1 6561 6560 1069593.90
1 100000000 90164730 1 6561 6560 1050699.50
1 100000000 13239617 1 6561 6560 1063258.90
1 100000000 20276590 1 6561 6560 1055125.00
1 100000000 88437187 1 6561 6560 1061732.10
1 100000000 62573753 1 6561 6560 1080881.10
1 100000000 50562617 1 6561 6560 1068592.70
1 100000000 11856231 1 6561 6560 1097209.50
1 100000000 41256404 1 6561 6560 1060793.20
1 100000000 14437027 1 6561 6560 1075266.10
1 100000000 8289258 1 6561 6560 1056294.20
1 100000000 78822909 1 6561 6560 1057756.30
1 100000000 12621531 1 6561 6560 1085070.20
1 100000000 53599638 1 6561 6560 1082619.20
1 100000000 43530817 1 6561 6560 1091720.60
1 100000000 74413043 1 6561 6560 1073761.30
1 100000000 67785013 1 6561 6560 1098970.40
1 100000000 50002584 1 6561 6560 1098138.70
1 100000000 82703036 1 6561 6560 1088195.40
1 100000000 68031139 1 6561 6560 1073381.90
1 100000000 67382870 1 6561 6560 1090941.10
1 100000000 96498800 1 6561 6560 1074130.30
1 100000000 80224897 1 6561 6560 1097851.40
1 100000000 20248311 1 6561 6560 1079223.10
1 100000000 17174886 1 6561 6560 1065456.70
1 100000000 80317516 1 6561 6560 1077241.30
1 100000000 82725364 1 6561 6560 1072232.70
1 100000000 66890198 1 6561 6560 1059381.30
1 100000000 71751020 1 6561 6560 1072046.10
1 100000000 87575988 1 6561 6560 1062908.50
1 100000000 64238228 1 6561 6560 1090604.70
1 100000000 33240774 1 6561 6560 1155206.50
1 100000000 8691527 1 6561 6560 1095905.40
1 100000000 77986300 1 6561 6560 1101170.70
1 100000000 21150525 1 6561 6560 1088332.50
1 100000000 58028972 1 6561 6560 1070402.20
1 100000000 26855317 1 6561 6560 1058665.00
1 100000000 87559778 1 6561 6560 1066874.90
1 100000000 17295171 1 6561 6560 1072068.60
1 100000000 70190062 1 6561 6560 1094519.30
1 100000000 81834586 1 6561 6560 1097225.90
1 100000000 53814158 1 6561 6560 1066331.10
1 100000000 76097337 1 6561 6560 1077240.60
1 100000000 35631688 1 6561 6560 1065949.00
1 100000000 39162496 1 6561 6560 1080167.00
1 100000000 84019145 1 6561 6560 1090827.30
1 100000000 96597872 1 6561 6560 1109018.20
1 100000000 56174830 1 6561 6560 1093401.70
1 100000000 9274688 1 6561 6560 1086423.20
1 100000000 88035921 1 6561 6560 1088507.90
1 10 8 1 3 2 2.00
1 10 10 1 3 2 3.80
1 10 9 1 3 2 2.30
1 10 5 1 3 2 2.10
1 10 1 1 3 2 2.00
1 10 10 1 3 2 2.10
1 10 9 1 3 2 2.00
1 10 8 1 3 2 2.10
1 10 6 1 3 2 2.10
1 10 4 1 3 2 2.10
1 10 8 1 3 2 2.70
1 10 3 1 3 2 2.10
1 10 3 1 3 2 2.00
1 10 7 1 3 2 2.00
1 10 10 1 3 2 2.10
1 10 1 1 3 2 1.80
1 10 4 1 3 2 1.90
1 10 2 1 3 2 2.10
1 10 8 1 3 2 2.10
1 10 6 1 3 2 2.20
1 10 6 1 3 2 3.60
1 10 10 1 3 2 2.10
1 10 9 1 3 2 2.20
1 10 4 1 3 2 2.10
1 10 3 1 3 2 2.10
1 10 1 1 3 2 2.00
1 10 5 1 3 2 2.20
1 10 6 1 3 2 2.20
1 10 10 1 3 2 2.10
1 10 5 1 3 2 2.00
1 10 1 1 3 2 2.70
1 10 5 1 3 2 2.50
1 10 5 1 3 2 2.10
1 10 10 1 3 2 2.00
1 10 3 1 3 2 2.10
1 10 5 1 3 2 2.20
1 10 10 1 3 2 2.10
1 10 7 1 3 2 2.00
1 10 4 1 3 2 2.10
1 10 3 1 3 2 2.20
1 10 10 1 3 2 2.70
1 10 3 1 3 2 2.00
1 10 2 1 3 2 2.20
1 10 6 1 3 2 2.00
1 10 2 1 3 2 1.80
1 10 10 1 3 2 2.00
1 10 4 1 3 2 2.20
1 10 8 1 3 2 2.30
1 10 7 1 3 2 2.50
1 10 5 1 3 2 2.20
1 10 8 1 3 2 2.30
1 10 5 1 3 2 2.50
1 10 5 1 3 2 2.10
1 10 9 1 3 2 2.10
1 10 2 1 3 2 6.90
1 10 2 1 3 2 1.70
1 10 6 1 3 2 2.20
1 10 3 1 3 2 1.90
1 10 9 1 3 2 2.30
1 10 5 1 3 2 1.80
1 10 7 1 3 2 2.10
1 10 4 1 3 2 3.40
1 10 7 1 3 2 2.10
1 10 4 1 3 2 2.10
1 10 7 1 3 2 2.10
1 10 9 1 3 2 2.10
1 10 2 1 3 2 2.20
1 10 7 1 3 2 2.20
1 10 9 1 3 2 2.00
1 10 2 1 3 2 1.80
1 10 5 1 3 2 2.30
1 10 9 1 3 2 2.70
1 10 2 1 3 2 2.00
1 10 10 1 3 2 2.10
1 10 7 1 3 2 2.40
1 10 5 1 3 2 2.10
1 10 1 1 3 2 2.20
1 10 6 1 3 2 2.30
1 10 4 1 3 2 2.20
1 10 9 1 3 2 1.70
1 10 6 1 3 2 2.40
1 10 7 1 3 2 3.90
1 10 5 1 3 2 2.60
1 10 9 1 3 2 2.50
1 10 1 1 3 2 2.40
1 10 7 1 3 2 2.40
1 10 4 1 3 2 1.90
1 10 8 1 3 2 2.30
1 10 1 1 3 2 2.20
1 10 6 1 3 2 1.60
1 10 7 1 3 2 3.10
1 10 8 1 3 2 3.40
1 10 9 1 3 2 2.40
1 10 3 1 3 2 2.20
1 10 4 1 3 2 1.70
1 10 9 1 3 2 1.80
1 10 6 1 3 2 1.50
1 10 6 1 3 2 2.20
1 10 7 1 3 2 2.10
1 100 32 1 9 8 2.50
1 100 61 1 9 8 2.50
1 100 59 1 9 8 3.30
1 100 75 1 9 8 2.30
1 100 89 1 9 8 2.30
1 100 25 1 9 8 2.50
1 100 34 1 9 8 2.60
1 100 60 1 9 8 2.60
1 100 56 1 9 8 2.60
1 100 43 1 9 8 2.40
1 100 14 1 9 8 2.40
1 100 50 1 9 8 2.60
1 100 85 1 9 8 3.10
1 100 34 1 9 8 2.60
1 100 15 1 9 8 2.50
1 100 32 1 9 8 2.60
1 100 51 1 9 8 2.60
1 100 82 1 9 8 2.60
1 100 92 1 9 8 2.50
1 100 81 1 9 8 2.50
1 100 69 1 9 8 2.40
1 100 83 1 9 8 2.60
1 100 1 1 9 8 2.40
1 100 32 1 9 8 2.90
1 100 19 1 9 8 2.70
1 100 46 1 9 8 2.60
1 100 20 1 9 8 2.40
1 100 86 1 9 8 2.30
1 100 3 1 9 8 2.40
1 100 15 1 9 8 2.50
1 100 93 1 9 8 2.50
1 100 29 1 9 8 2.70
1 100 54 1 9 8 2.80
1 100 99 1 9 8 2.60
1 100 52 1 9 8 2.50
1 100 19 1 9 8 2.50
1 100 11 1 9 8 2.50
1 100 54 1 9 8 2.50
1 100 7 1 9 8 3.50
1 100 7 1 9 8 2.70
1 100 9 1 9 8 2.40
1 100 56 1 9 8 2.40
1 100 63 1 9 8 2.60
1 100 2 1 9 8 3.20
1 100 75 1 9 8 2.50
1 100 68 1 9 8 2.60
1 100 88 1 9 8 2.30
1 100 77 1 9 8 2.50
1 100 80 1 9 8 2.60
1 100 62 1 9 8 2.60
1 100 55 1 9 8 2.10
1 100 26 1 9 8 2.60
1 100 11 1 9 8 2.70
1 100 94 1 9 8 3.60
1 100 9 1 9 8 2.70
1 100 84 1 9 8 2.50
1 100 36 1 9 8 2.50
1 100 6 1 9 8 2.60
1 100 14 1 9 8 2.30
1 100 40 1 9 8 2.50
1 100 65 1 9 8 2.60
1 100 57 1 9 8 2.60
1 100 52 1 9 8 2.60
1 100 31 1 9 8 2.60
1 100 98 1 9 8 2.50
1 100 44 1 9 8 2.50
1 100 68 1 9 8 2.70
1 100 63 1 9 8 2.60
1 100 47 1 9 8 2.50
1 100 69 1 9 8 2.40
1 100 77 1 9 8 7.90
1 100 72 1 9 8 5.40
1 100 14 1 9 8 11.40
1 100 47 1 9 8 4.40
1 100 53 1 9 8 3.50
1 100 56 1 9 8 2.90
1 100 69 1 9 8 4.40
1 100 9 1 9 8 3.70
1 100 44 1 9 8 2.70
1 100 26 1 9 8 2.00
1 100 3 1 9 8 2.90
1 100 54 1 9 8 2.70
1 100 55 1 9 8 2.60
1 100 39 1 9 8 2.60
1 100 71 1 9 8 2.20
1 100 62 1 9 8 1.90
1 100 68 1 9 8 2.30
1 100 25 1 9 8 2.60
1 100 37 1 9 8 2.40
1 100 45 1 9 8 2.00
1 100 37 1 9 8 3.70
1 100 82 1 9 8 2.70
1 100 95 1 9 8 2.50
1 100 13 1 9 8 2.50
1 100 66 1 9 8 2.60
1 100 2 1 9 8 2.50
1 100 86 1 9 8 2.30
1 100 57 1 9 8 2.50
1 100 29 1 9 8 2.30
1 1000 691 1 27 26 8.60
1 1000 566 1 27 26 8.60
1 1000 318 1 27 26 9.30
1 1000 79 1 27 26 8.70
1 1000 107 1 27 26 8.80
1 1000 705 1 27 26 8.40
1 1000 400 1 27 26 8.30
1 1000 784 1 27 26 16.00
1 1000 435 1 27 26 8.50
1 1000 816 1 27 26 8.40
1 1000 244 1 27 26 8.60
1 1000 823 1 27 26 8.40
1 1000 593 1 27 26 9.30
1 1000 849 1 27 26 8.50
1 1000 611 1 27 26 8.40
1 1000 75 1 27 26 8.20
1 1000 662 1 27 26 8.10
1 1000 250 1 27 26 8.00
1 1000 455 1 27 26 8.10
1 1000 415 1 27 26 8.80
1 1000 763 1 27 26 8.40
1 1000 944 1 27 26 8.10
1 1000 667 1 27 26 8.80
1 1000 216 1 27 26 8.90
1 1000 80 1 27 26 8.20
1 1000 937 1 27 26 8.60
1 1000 937 1 27 26 8.60
1 1000 656 1 27 26 8.40
1 1000 706 1 27 26 8.70
1 1000 699 1 27 26 8.20
1 1000 601 1 27 26 15.50
1 1000 826 1 27 26 8.50
1 1000 772 1 27 26 9.50
1 1000 21 1 27 26 8.60
1 1000 661 1 27 26 8.60
1 1000 544 1 27 26 8.10
1 1000 234 1 27 26 8.30
1 1000 377 1 27 26 8.60
1 1000 106 1 27 26 8.30
1 1000 983 1 27 26 8.70
1 1000 523 1 27 26 8.30
1 1000 334 1 27 26 8.00
1 1000 355 1 27 26 9.00
1 1000 278 1 27 26 16.50
1 1000 884 1 27 26 9.30
1 1000 626 1 27 26 8.60
1 1000 317 1 27 26 8.30
1 1000 401 1 27 26 8.20
1 1000 214 1 27 26 8.30
1 1000 88 1 27 26 8.40
1 1000 452 1 27 26 8.70
1 1000 165 1 27 26 8.50
1 1000 150 1 27 26 15.80
1 1000 692 1 27 26 10.50
1 1000 922 1 27 26 8.30
1 1000 369 1 27 26 8.50
1 1000 212 1 27 26 8.70
1 1000 926 1 27 26 8.40
1 1000 479 1 27 26 13.80
1 1000 969 1 27 26 8.30
1 1000 189 1 27 26 8.30
1 1000 562 1 27 26 8.60
1 1000 407 1 27 26 8.90
1 1000 744 1 27 26 9.20
1 1000 202 1 27 26 8.70
1 1000 98 1 27 26 8.40
1 1000 560 1 27 26 8.60
1 1000 759 1 27 26 8.20
1 1000 685 1 27 26 8.20
1 1000 844 1 27 26 8.60
1 1000 931 1 27 26 8.30
1 1000 581 1 27 26 8.10
1 1000 465 1 27 26 18.10
1 1000 169 1 27 26 11.70
1 1000 932 1 27 26 15.40
1 1000 586 1 27 26 8.40
1 1000 185 1 27 26 8.10
1 1000 11 1 27 26 10.60
1 1000 804 1 27 26 8.40
1 1000 741 1 27 26 7.80
1 1000 487 1 27 26 8.40
1 1000 750 1 27 26 8.30
1 1000 598 1 27 26 8.00
1 1000 699 1 27 26 9.50
1 1000 582 1 27 26 8.70
1 1000 690 1 27 26 8.60
1 1000 677 1 27 26 8.50
1 1000 656 1 27 26 8.40
1 1000 459 1 27 26 8.50
1 1000 932 1 27 26 8.10
1 1000 240 1 27 26 8.30
1 1000 354 1 27 26 8.10
1 1000 11 1 27 26 8.40
1 1000 917 1 27 26 9.60
1 1000 476 1 27 26 8.60
1 1000 505 1 27 26 14.80
1 1000 745 1 27 26 8.40
1 1000 727 1 27 26 8.20
1 1000 805 1 27 26 8.30
1 10000 7711 1 81 80 73.80
1 10000 1148 1 81 80 73.60
1 10000 3917 1 81 80 74.30
1 10000 1302 1 81 80 100.40
1 10000 5938 1 81 80 182.30
1 10000 8215 1 81 80 74.30
1 10000 7842 1 81 80 74.70
1 10000 1298 1 81 80 92.80
1 10000 1790 1 81 80 74.70
1 10000 9766 1 81 80 76.30
1 10000 3466 1 81 80 75.50
1 10000 1277 1 81 80 74.50
1 10000 4190 1 81 80 74.30
1 10000 8465 1 81 80 79.00
1 10000 8923 1 81 80 75.10
1 10000 836 1 81 80 75.40
1 10000 6322 1 81 80 74.30
1 10000 7125 1 81 80 75.00
1 10000 1166 1 81 80 74.00
1 10000 1762 1 81 80 85.30
1 10000 8340 1 81 80 76.40
1 10000 7632 1 81 80 74.20
1 10000 8352 1 81 80 75.40
1 10000 7218 1 81 80 81.90
1 10000 8116 1 81 80 73.90
1 10000 3193 1 81 80 74.20
1 10000 1888 1 81 80 74.20
1 10000 1987 1 81 80 73.40
1 10000 8860 1 81 80 73.80
1 10000 3951 1 81 80 75.60
1 10000 1428 1 81 80 75.30
1 10000 2084 1 81 80 89.80
1 10000 5469 1 81 80 74.90
1 10000 5012 1 81 80 75.60
1 10000 6113 1 81 80 74.80
1 10000 2955 1 81 80 74.20
1 10000 8340 1 81 80 100.40
1 10000 2047 1 81 80 75.20
1 10000 3858 1 81 80 73.90
1 10000 1013 1 81 80 73.70
1 10000 6322 1 81 80 74.30
1 10000 3621 1 81 80 74.50
1 10000 3783 1 81 80 124.60
1 10000 827 1 81 80 74.70
1 10000 9487 1 81 80 74.00
1 10000 2380 1 81 80 75.00
1 10000 8618 1 81 80 75.10
1 10000 5268 1 81 80 74.50
1 10000 1380 1 81 80 74.50
1 10000 8179 1 81 80 75.20
1 10000 62 1 81 80 85.10
1 10000 477 1 81 80 74.30
1 10000 9712 1 81 80 73.80
1 10000 8821 1 81 80 74.60
1 10000 4607 1 81 80 75.10
1 10000 4382 1 81 80 75.60
1 10000 4533 1 81 80 73.90
1 10000 394 1 81 80 76.70
1 10000 2464 1 81 80 73.80
1 10000 7508 1 81 80 74.90
1 10000 5975 1 81 80 74.20
1 10000 3089 1 81 80 73.90
1 10000 6029 1 81 80 79.10
1 10000 2899 1 81 80 132.40
1 10000 240 1 81 80 75.30
1 10000 8995 1 81 80 73.60
1 10000 7781 1 81 80 75.00
1 10000 9394 1 81 80 74.20
1 10000 9826 1 81 80 75.20
1 10000 8469 1 81 80 73.70
1 10000 9611 1 81 80 74.30
1 10000 5540 1 81 80 73.90
1 10000 2951 1 81 80 76.10
1 10000 7092 1 81 80 74.50
1 10000 501 1 81 80 74.40
1 10000 5680 1 81 80 74.50
1 10000 8816 1 81 80 75.20
1 10000 9099 1 81 80 78.80
1 10000 2202 1 81 80 78.20
1 10000 8333 1 81 80 75.70
1 10000 4721 1 81 80 75.50
1 10000 769 1 81 80 157.40
1 10000 3242 1 81 80 75.40
1 10000 31 1 81 80 104.50
1 10000 8078 1 81 80 82.80
1 10000 5399 1 81 80 75.70
1 10000 4150 1 81 80 74.50
1 10000 1897 1 81 80 74.00
1 10000 693 1 81 80 74.10
1 10000 6063 1 81 80 74.40
1 10000 4347 1 81 80 75.10
1 10000 589 1 81 80 86.90
1 10000 6274 1 81 80 74.70
1 10000 9483 1 81 80 78.80
1 10000 3281 1 81 80 74.90
1 10000 8315 1 81 80 75.60
1 10000 5185 1 81 80 78.70
1 10000 5115 1 81 80 73.90
1 10000 3673 1 81 80 74.40
1 100000 61270 1 243 242 734.60
1 100000 90879 1 243 242 754.40
1 100000 80891 1 243 242 751.20
1 100000 87620 1 243 242 733.40
1 100000 20401 1 243 242 733.50
1 100000 5075 1 243 242 750.60
1 100000 89536 1 243 242 745.80
1 100000 95307 1 243 242 744.00
1 100000 32188 1 243 242 846.80
1 100000 82255 1 243 242 751.60
1 100000 56426 1 243 242 769.40
1 100000 41516 1 243 242 748.50
1 100000 93781 1 243 242 753.00
1 100000 81843 1 243 242 754.50
1 100000 50644 1 243 242 753.90
1 100000 93832 1 243 242 879.40
1 100000 37945 1 243 242 770.00
1 100000 15410 1 243 242 829.70
1 100000 65432 1 243 242 738.20
1 100000 26918 1 243 242 864.50
1 100000 32493 1 243 242 902.80
1 100000 3744 1 243 242 756.30
1 100000 10919 1 243 242 747.50
1 100000 50172 1 243 242 739.00
1 100000 54381 1 243 242 735.70
1 100000 8126 1 243 242 756.00
1 100000 63951 1 243 242 745.20
1 100000 81886 1 243 242 758.80
1 100000 29215 1 243 242 732.00
1 100000 85137 1 243 242 760.90
1 100000 23622 1 243 242 742.30
1 100000 82913 1 243 242 801.70
1 100000 31338 1 243 242 755.80
1 100000 66901 1 243 242 738.00
1 100000 83847 1 243 242 750.50
1 100000 40139 1 243 242 754.10
1 100000 34496 1 243 242 739.90
1 100000 69370 1 243 242 889.70
1 100000 68924 1 243 242 743.00
1 100000 22673 1 243 242 752.60
1 100000 41866 1 243 242 736.90
1 100000 60252 1 243 242 880.00
1 100000 14039 1 243 242 784.70
1 100000 33801 1 243 242 804.60
1 100000 84102 1 243 242 771.30
1 100000 97274 1 243 242 745.10
1 100000 11995 1 243 242 746.20
1 100000 51705 1 243 242 752.60
1 100000 47914 1 243 242 762.30
1 100000 89400 1 243 242 779.60
1 100000 71063 1 243 242 729.60
1 100000 20222 1 243 242 780.10
1 100000 84296 1 243 242 872.80
1 100000 22461 1 243 242 742.90
1 100000 54473 1 243 242 732.50
1 100000 26796 1 243 242 757.60
1 100000 61268 1 243 242 1152.00
1 100000 20655 1 243 242 737.20
1 100000 31056 1 243 242 753.00
1 100000 67018 1 243 242 734.80
1 100000 15460 1 243 242 735.00
1 100000 95663 1 243 242 746.70
1 100000 71167 1 243 242 841.70
1 100000 33484 1 243 242 761.60
1 100000 48717 1 243 242 753.70
1 100000 5699 1 243 242 744.20
1 100000 74840 1 243 242 751.50
1 100000 23298 1 243 242 738.50
1 100000 95281 1 243 242 745.50
1 100000 70930 1 243 242 865.40
1 100000 21215 1 243 242 926.00
1 100000 90511 1 243 242 773.50
1 100000 43745 1 243 242 751.50
1 100000 67748 1 243 242 760.90
1 100000 6083 1 243 242 755.20
1 100000 53619 1 243 242 765.30
1 100000 95189 1 243 242 789.30
1 100000 458 1 243 242 746.50
1 100000 42773 1 243 242 864.60
1 100000 2405 1 243 242 754.60
1 100000 77871 1 243 242 745.80
1 100000 92339 1 243 242 749.00
1 100000 27780 1 243 242 757.60
1 100000 64697 1 243 242 757.80
1 100000 17919 1 243 242 745.50
1 100000 90278 1 243 242 750.40
1 100000 83160 1 243 242 756.50
1 100000 64609 1 243 242 752.60
1 100000 64519 1 243 242 750.70
1 100000 57769 1 243 242 876.50
1 100000 39072 1 243 242 733.70
1 100000 76119 1 243 242 734.60
1 100000 89683 1 243 242 756.20
1 100000 95392 1 243 242 729.70
1 100000 42008 1 243 242 749.40
1 100000 14953 1 243 242 750.10
1 100000 9500 1 243 242 798.50
1 100000 56392 1 243 242 744.00
1 100000 90261 1 243 242 757.00
1 1000000 299608 1 729 728 7680.60
1 1000000 376336 1 729 728 12187.90
1 1000000 993181 1 729 728 7906.10
1 1000000 81295 1 729 728 7651.30
1 1000000 523438 1 729 728 7920.60
1 1000000 189256 1 729 728 7612.20
1 1000000 618839 1 729 728 7561.50
1 1000000 722290 1 729 728 7612.10
1 1000000 331311 1 729 728 7541.00
1 1000000 59866 1 729 728 7560.50
1 1000000 673768 1 729 728 7593.60
1 1000000 925486 1 729 728 7621.50
1 1000000 652548 1 729 728 7498.00
1 1000000 908511 1 729 728 7897.90
1 1000000 753532 1 729 728 7741.20
1 1000000 136091 1 729 728 7579.40
1 1000000 904619 1 729 728 7738.10
1 1000000 991041 1 729 728 7588.90
1 1000000 153592 1 729 728 7547.40
1 1000000 807270 1 729 728 7628.20
1 1000000 13514 1 729 728 7620.00
1 1000000 310209 1 729 728 7605.10
1 1000000 395837 1 729 728 7510.70
1 1000000 579595 1 729 728 7669.40
1 1000000 830586 1 729 728 7562.10
1 1000000 248661 1 729 728 7624.30
1 1000000 800337 1 729 728 7675.10
1 1000000 721701 1 729 728 7876.40
1 1000000 710792 1 729 728 7516.10
1 1000000 712824 1 729 728 7513.60
1 1000000 231211 1 729 728 7618.30
1 1000000 872185 1 729 728 7853.20
1 1000000 806221 1 729 728 7818.40
1 1000000 444217 1 729 728 7503.10
1 1000000 909200 1 729 728 7610.80
1 1000000 492948 1 729 728 7643.20
1 1000000 584768 1 729 728 7557.20
1 1000000 878333 1 729 728 7973.90
1 1000000 737203 1 729 728 7846.70
1 1000000 821488 1 729 728 7586.00
1 1000000 121045 1 729 728 7665.10
1 1000000 790113 1 729 728 7565.80
1 1000000 483699 1 729 728 7519.40
1 1000000 186215 1 729 728 7592.60
1 1000000 853325 1 729 728 7577.10
1 1000000 117481 1 729 728 7679.80
1 1000000 461830 1 729 728 7641.90
1 1000000 357912 1 729 728 7548.50
1 1000000 303128 1 729 728 7586.00
1 1000000 403395 1 729 728 7499.90
1 1000000 127629 1 729 728 7633.00
1 1000000 71137 1 729 728 7485.30
1 1000000 487473 1 729 728 7589.20
1 1000000 664512 1 729 728 7598.10
1 1000000 521005 1 729 728 7542.70
1 1000000 677553 1 729 728 7812.40
1 1000000 69933 1 729 728 7527.10
1 1000000 556325 1 729 728 7625.70
1 1000000 699088 1 729 728 7635.50
1 1000000 448748 1 729 728 7493.60
1 1000000 603381 1 729 728 7664.10
1 1000000 250964 1 729 728 7781.00
1 1000000 571294 1 729 728 7841.30
1 1000000 842595 1 729 728 7564.60
1 1000000 816596 1 729 728 7719.80
1 1000000 8096 1 729 728 7663.70
1 1000000 178940 1 729 728 7650.50
1 1000000 237192 1 729 728 7658.30
1 1000000 677999 1 729 728 7624.30
1 1000000 191162 1 729 728 7847.70
1 1000000 73350 1 729 728 7593.20
1 1000000 550982 1 729 728 7667.50
1 1000000 574403 1 729 728 7510.20
1 1000000 60539 1 729 728 7671.50
1 1000000 540059 1 729 728 7577.60
1 1000000 29223 1 729 728 7495.90
1 1000000 342132 1 729 728 7691.60
1 1000000 397370 1 729 728 7776.70
1 1000000 881817 1 729 728 7713.10
1 1000000 999946 1 729 728 7526.60
1 1000000 235675 1 729 728 7810.40
1 1000000 777052 1 729 728 7496.10
1 1000000 412855 1 729 728 7596.20
1 1000000 430906 1 729 728 7696.50
1 1000000 271107 1 729 728 7550.20
1 1000000 363453 1 729 728 7654.00
1 1000000 210662 1 729 728 7548.70
1 1000000 836089 1 729 728 7776.30
1 1000000 409485 1 729 728 7603.70
1 1000000 589561 1 729 728 7991.10
1 1000000 264711 1 729 728 7585.20
1 1000000 895469 1 729 728 7711.20
1 1000000 279760 1 729 728 7668.90
1 1000000 759513 1 729 728 7528.50
1 1000000 250396 1 729 728 7664.90
1 1000000 810566 1 729 728 7579.30
1 1000000 306113 1 729 728 7714.90
1 1000000 578008 1 729 728 7531.90
1 1000000 82103 1 729 728 7568.70
1 10000000 4376236 1 2187 2186 80546.80
1 10000000 7046588 1 2187 2186 76229.50
1 10000000 1556970 1 2187 2186 82948.50
1 10000000 2211666 1 2187 2186 76674.30
1 10000000 1936799 1 2187 2186 77025.80
1 10000000 6074999 1 2187 2186 76117.10
1 10000000 6427053 1 2187 2186 76791.90
1 10000000 1588027 1 2187 2186 76767.80
1 10000000 4851336 1 2187 2186 77670.50
1 10000000 8873209 1 2187 2186 75926.60
1 10000000 8311162 1 2187 2186 76626.80
1 10000000 5859378 1 2187 2186 77143.80
1 10000000 700394 1 2187 2186 76582.70
1 10000000 8656439 1 2187 2186 76539.30
1 10000000 83512 1 2187 2186 77146.90
1 10000000 2572594 1 2187 2186 77339.80
1 10000000 5071060 1 2187 2186 76293.40
1 10000000 4195514 1 2187 2186 76016.00
1 10000000 2895633 1 2187 2186 76772.50
1 10000000 2073912 1 2187 2186 76344.90
1 10000000 6302538 1 2187 2186 77246.40
1 10000000 228241 1 2187 2186 75747.00
1 10000000 6289143 1 2187 2186 76702.30
1 10000000 118158 1 2187 2186 76804.00
1 10000000 1130281 1 2187 2186 76378.50
1 10000000 6846580 1 2187 2186 77331.90
1 10000000 3816873 1 2187 2186 76075.40
1 10000000 1630547 1 2187 2186 77551.10
1 10000000 3259853 1 2187 2186 76665.20
1 10000000 2474958 1 2187 2186 76475.50
1 10000000 4358809 1 2187 2186 77124.70
1 10000000 3553788 1 2187 2186 77507.60
1 10000000 300464 1 2187 2186 75873.80
1 10000000 3456101 1 2187 2186 76958.80
1 10000000 4476689 1 2187 2186 85025.20
1 10000000 704221 1 2187 2186 77470.20
1 10000000 9866365 1 2187 2186 78150.80
1 10000000 5205751 1 2187 2186 76359.70
1 10000000 4511048 1 2187 2186 76990.00
1 10000000 3693165 1 2187 2186 76679.40
1 10000000 8043701 1 2187 2186 76413.90
1 10000000 1107233 1 2187 2186 76047.80
1 10000000 9530928 1 2187 2186 77045.70
1 10000000 600738 1 2187 2186 76595.50
1 10000000 4570657 1 2187 2186 77016.20
1 10000000 9424654 1 2187 2186 76173.20
1 10000000 8883709 1 2187 2186 76984.00
1 10000000 794064 1 2187 2186 76313.10
1 10000000 4943796 1 2187 2186 76401.00
1 10000000 4128341 1 2187 2186 76849.60
1 10000000 7904582 1 2187 2186 76804.20
1 10000000 7566850 1 2187 2186 76579.00
1 10000000 3348551 1 2187 2186 76934.80
1 10000000 9561635 1 2187 2186 76438.40
1 10000000 9202989 1 2187 2186 76716.60
1 10000000 5383882 1 2187 2186 77641.10
1 10000000 980904 1 2187 2186 76467.00
1 10000000 4682311 1 2187 2186 79198.80
1 10000000 3137366 1 2187 2186 75985.20
1 10000000 8692670 1 2187 2186 77244.60
1 10000000 9346025 1 2187 2186 77097.60
1 10000000 1078088 1 2187 2186 76307.50
1 10000000 6691057 1 2187 2186 76941.20
1 10000000 334936 1 2187 2186 76844.80
1 10000000 1978725 1 2187 2186 76131.10
1 10000000 3905663 1 2187 2186 77375.40
1 10000000 6533996 1 2187 2186 76151.00
1 10000000 9728007 1 2187 2186 77034.20
1 10000000 9803643 1 2187 2186 77289.80
1 10000000 8080805 1 2187 2186 76944.30
1 10000000 842540 1 2187 2186 76733.30
1 10000000 8369816 1 2187 2186 75877.20
1 10000000 4612776 1 2187 2186 76497.90
1 10000000 8837315 1 2187 2186 76744.30
1 10000000 4081513 1 2187 2186 76493.00
1 10000000 9041952 1 2187 2186 76655.10
1 10000000 9086875 1 2187 2186 76774.80
1 10000000 322456 1 2187 2186 76305.10
1 10000000 5165589 1 2187 2186 78896.60
1 10000000 5858058 1 2187 2186 76295.30
1 10000000 8124132 1 2187 2186 76441.30
1 10000000 9392103 1 2187 2186 77395.20
1 10000000 4624718 1 2187 2186 76953.10
1 10000000 4730431 1 2187 2186 76824.50
1 10000000 956333 1 2187 2186 76494.20
1 10000000 3232008 1 2187 2186 76058.30
1 10000000 2035040 1 2187 2186 76675.00
1 10000000 6772136 1 2187 2186 76563.60
1 10000000 8703036 1 2187 2186 76598.50
1 10000000 8352174 1 2187 2186 77085.00
1 10000000 4266102 1 2187 2186 77292.00
1 10000000 4283070 1 2187 2186 76366.90
1 10000000 8167658 1 2187 2186 76386.00
1 10000000 670126 1 2187 2186 76594.20
1 10000000 158444 1 2187 2186 76593.10
1 10000000 1062473 1 2187 2186 76413.50
1 10000000 7896806 1 2187 2186 76504.10
1 10000000 8361931 1 2187 2186 76645.60
1 10000000 8554406 1 2187 2186 76488.80
1 100000000 62707910 1 6561 6560 770624.60
1 100000000 1895629 1 6561 6560 777019.70
1 100000000 64726247 1 6561 6560 771658.40
1 100000000 51838519 1 6561 6560 771126.30
1 100000000 11162261 1 6561 6560 769016.50
1 100000000 77951990 1 6561 6560 767041.10
1 100000000 75455708 1 6561 6560 770009.90
1 100000000 2564364 1 6561 6560 781173.60
1 100000000 81994490 1 6561 6560 769606.10
1 100000000 61228318 1 6561 6560 773106.10
1 100000000 59156156 1 6561 6560 769848.30
1 100000000 74172101 1 6561 6560 770176.00
1 100000000 97522459 1 6561 6560 767859.10
1 100000000 13693497 1 6561 6560 781957.00
1 100000000 3310339 1 6561 6560 786008.40
1 100000000 62620758 1 6561 6560 770633.70
1 100000000 17538264 1 6561 6560 769173.80
1 100000000 79365107 1 6561 6560 769474.70
1 100000000 28411511 1 6561 6560 770679.90
1 100000000 51266479 1 6561 6560 770086.90
1 100000000 70010546 1 6561 6560 768341.60
1 100000000 7867624 1 6561 6560 769260.90
1 100000000 86090086 1 6561 6560 770000.00
1 100000000 72819191 1 6561 6560 779019.70
1 100000000 60108514 1 6561 6560 768073.70
1 100000000 11429905 1 6561 6560 767400.10
1 100000000 13989925 1 6561 6560 768673.90
1 100000000 17473222 1 6561 6560 770549.40
1 100000000 30578665 1 6561 6560 767983.20
1 100000000 61179504 1 6561 6560 771561.80
1 100000000 48984098 1 6561 6560 767334.00
1 100000000 29564142 1 6561 6560 768823.70
1 100000000 80023355 1 6561 6560 769956.10
1 100000000 92582599 1 6561 6560 768723.30
1 100000000 13469462 1 6561 6560 767194.70
1 100000000 93060523 1 6561 6560 768400.10
1 100000000 12415352 1 6561 6560 769464.70
1 100000000 61953651 1 6561 6560 773522.00
1 100000000 33802461 1 6561 6560 769180.80
1 100000000 3511314 1 6561 6560 769163.30
1 100000000 99689191 1 6561 6560 769793.70
1 100000000 49306532 1 6561 6560 772301.90
1 100000000 67113375 1 6561 6560 767029.60
1 100000000 77118762 1 6561 6560 770587.30
1 100000000 5222668 1 6561 6560 783342.40
1 100000000 76433520 1 6561 6560 768325.60
1 100000000 85740227 1 6561 6560 766472.20
1 100000000 88240892 1 6561 6560 773443.70
1 100000000 35933246 1 6561 6560 771240.90
1 100000000 38187646 1 6561 6560 771725.10
1 100000000 20043668 1 6561 6560 767205.80
1 100000000 53550392 1 6561 6560 769831.50
1 100000000 67463310 1 6561 6560 769721.70
1 100000000 83864032 1 6561 6560 769316.90
1 100000000 6423465 1 6561 6560 770484.40
1 100000000 11262263 1 6561 6560 779658.80
1 100000000 52146929 1 6561 6560 765498.60
1 100000000 29571480 1 6561 6560 768972.40
1 100000000 71438396 1 6561 6560 769204.10
1 100000000 63296092 1 6561 6560 769991.30
1 100000000 80178427 1 6561 6560 768110.00
1 100000000 12351770 1 6561 6560 770838.90
1 100000000 79238533 1 6561 6560 771071.90
1 100000000 35841069 1 6561 6560 790316.20
1 100000000 63275279 1 6561 6560 789077.40
1 100000000 78869807 1 6561 6560 786132.70
1 100000000 85582580 1 6561 6560 768864.50
1 100000000 84772956 1 6561 6560 774959.90
1 100000000 51321569 1 6561 6560 767328.60
1 100000000 60700929 1 6561 6560 771441.90
1 100000000 28585781 1 6561 6560 776087.60
1 100000000 63468193 1 6561 6560 769259.40
1 100000000 94755856 1 6561 6560 766626.40
1 100000000 1490217 1 6561 6560 766576.40
1 100000000 15707697 1 6561 6560 766671.60
1 100000000 41619905 1 6561 6560 768514.40
1 100000000 15052811 1 6561 6560 769167.40
1 100000000 32166953 1 6561 6560 772909.50
1 100000000 84177134 1 6561 6560 769563.60
1 100000000 66311984 1 6561 6560 769117.00
1 100000000 99403291 1 6561 6560 771697.30
1 100000000 2526453 1 6561 6560 771648.10
1 100000000 24667354 1 6561 6560 767067.30
1 100000000 76434206 1 6561 6560 769301.00
1 100000000 94220005 1 6561 6560 766879.70
1 100000000 24400115 1 6561 6560 767044.10
1 100000000 53467085 1 6561 6560 767017.50
1 100000000 77283558 1 6561 6560 767976.40
1 100000000 58537870 1 6561 6560 768349.20
1 100000000 88854429 1 6561 6560 764083.40
1 100000000 7214967 1 6561 6560 765199.50
1 100000000 18244336 1 6561 6560 766836.60
1 100000000 30782022 1 6561 6560 767860.40
1 100000000 64980207 1 6561 6560 769354.40
1 100000000 59009463 1 6561 6560 776256.40
1 100000000 46454819 1 6561 6560 773157.40
1 100000000 71309726 1 6561 6560 785605.90
1 100000000 77578936 1 6561 6560 782044.60
1 100000000 57208199 1 6561 6560 789162.50
