1 10	5 3
1 10	5 3
1 10	4 3
1 10	3 3
1 10	1 3
1 10	7 3
1 10	8 3
1 10	5 3
1 10	3 3
1 10	5 3
1 10	6 3
1 10	5 3
1 10	8 3
1 10	8 3
1 10	5 3
1 10	2 3
1 10	8 3
1 10	3 3
1 10	4 3
1 10	5 3
1 10	10 3
1 10	8 3
1 10	8 3
1 10	8 3
1 10	10 3
1 10	4 3
1 10	8 3
1 10	6 3
1 10	6 3
1 10	10 3
1 10	10 3
1 10	4 3
1 10	3 3
1 10	2 3
1 10	6 3
1 10	2 3
1 10	10 3
1 10	1 3
1 10	5 3
1 10	3 3
1 10	5 3
1 10	10 3
1 10	5 3
1 10	6 3
1 10	2 3
1 10	2 3
1 10	5 3
1 10	3 3
1 10	8 3
1 10	5 3
1 10	10 3
1 10	9 3
1 10	9 3
1 10	4 3
1 10	4 3
1 10	5 3
1 10	5 3
1 10	10 3
1 10	3 3
1 10	6 3
1 10	1 3
1 10	8 3
1 10	9 3
1 10	5 3
1 10	2 3
1 10	6 3
1 10	7 3
1 10	5 3
1 10	3 3
1 10	7 3
1 10	6 3
1 10	3 3
1 10	3 3
1 10	1 3
1 10	5 3
1 10	1 3
1 10	5 3
1 10	6 3
1 10	10 3
1 10	3 3
1 10	6 3
1 10	5 3
1 10	10 3
1 10	3 3
1 10	1 3
1 10	6 3
1 10	7 3
1 10	4 3
1 10	2 3
1 10	2 3
1 10	3 3
1 10	8 3
1 10	4 3
1 10	3 3
1 10	4 3
1 10	10 3
1 10	4 3
1 10	8 3
1 10	3 3
1 100	18 9
1 100	3 9
1 100	45 9
1 100	6 9
1 100	42 9
1 100	50 9
1 100	74 9
1 100	76 9
1 100	74 9
1 100	76 9
1 100	27 9
1 100	71 9
1 100	82 9
1 100	50 9
1 100	35 9
1 100	69 9
1 100	10 9
1 100	81 9
1 100	30 9
1 100	21 9
1 100	33 9
1 100	40 9
1 100	1 9
1 100	100 9
1 100	39 9
1 100	94 9
1 100	80 9
1 100	59 9
1 100	95 9
1 100	57 9
1 100	95 9
1 100	16 9
1 100	53 9
1 100	100 9
1 100	5 9
1 100	74 9
1 100	30 9
1 100	51 9
1 100	39 9
1 100	91 9
1 100	24 9
1 100	86 9
1 100	45 9
1 100	58 9
1 100	35 9
1 100	9 9
1 100	43 9
1 100	72 9
1 100	26 9
1 100	19 9
1 100	21 9
1 100	91 9
1 100	93 9
1 100	90 9
1 100	80 9
1 100	98 9
1 100	25 9
1 100	82 9
1 100	73 9
1 100	86 9
1 100	79 9
1 100	59 9
1 100	36 9
1 100	62 9
1 100	46 9
1 100	57 9
1 100	58 9
1 100	84 9
1 100	85 9
1 100	14 9
1 100	8 9
1 100	14 9
1 100	30 9
1 100	1 9
1 100	46 9
1 100	70 9
1 100	35 9
1 100	64 9
1 100	20 9
1 100	30 9
1 100	56 9
1 100	76 9
1 100	20 9
1 100	56 9
1 100	80 9
1 100	45 9
1 100	27 9
1 100	2 9
1 100	100 9
1 100	90 9
1 100	56 9
1 100	6 9
1 100	74 9
1 100	10 9
1 100	75 9
1 100	2 9
1 100	16 9
1 100	60 9
1 100	31 9
1 1000	762 27
1 1000	707 27
1 1000	939 27
1 1000	880 27
1 1000	746 27
1 1000	650 27
1 1000	885 27
1 1000	493 27
1 1000	93 27
1 1000	554 27
1 1000	820 27
1 1000	391 27
1 1000	398 27
1 1000	487 27
1 1000	183 27
1 1000	56 27
1 1000	651 27
1 1000	964 27
1 1000	231 27
1 1000	467 27
1 1000	566 27
1 1000	641 27
1 1000	619 27
1 1000	908 27
1 1000	820 27
1 1000	151 27
1 1000	761 27
1 1000	345 27
1 1000	453 27
1 1000	515 27
1 1000	997 27
1 1000	585 27
1 1000	413 27
1 1000	490 27
1 1000	62 27
1 1000	268 27
1 1000	53 27
1 1000	957 27
1 1000	725 27
1 1000	592 27
1 1000	695 27
1 1000	924 27
1 1000	725 27
1 1000	915 27
1 1000	364 27
1 1000	838 27
1 1000	820 27
1 1000	243 27
1 1000	829 27
1 1000	862 27
1 1000	872 27
1 1000	975 27
1 1000	870 27
1 1000	814 27
1 1000	493 27
1 1000	712 27
1 1000	652 27
1 1000	547 27
1 1000	899 27
1 1000	311 27
1 1000	730 27
1 1000	126 27
1 1000	738 27
1 1000	722 27
1 1000	822 27
1 1000	231 27
1 1000	145 27
1 1000	775 27
1 1000	990 27
1 1000	687 27
1 1000	364 27
1 1000	868 27
1 1000	236 27
1 1000	595 27
1 1000	574 27
1 1000	626 27
1 1000	469 27
1 1000	458 27
1 1000	579 27
1 1000	317 27
1 1000	409 27
1 1000	480 27
1 1000	788 27
1 1000	115 27
1 1000	531 27
1 1000	546 27
1 1000	759 27
1 1000	673 27
1 1000	63 27
1 1000	3 27
1 1000	852 27
1 1000	266 27
1 1000	158 27
1 1000	184 27
1 1000	994 27
1 1000	241 27
1 1000	203 27
1 1000	388 27
1 1000	458 27
1 10000	8782 81
1 10000	9645 81
1 10000	191 81
1 10000	9402 81
1 10000	7666 81
1 10000	5733 81
1 10000	6416 81
1 10000	9321 81
1 10000	3485 81
1 10000	7782 81
1 10000	4345 81
1 10000	9828 81
1 10000	5539 81
1 10000	8974 81
1 10000	3691 81
1 10000	1444 81
1 10000	5116 81
1 10000	6505 81
1 10000	5774 81
1 10000	3469 81
1 10000	4279 81
1 10000	11 81
1 10000	1859 81
1 10000	1122 81
1 10000	8949 81
1 10000	9023 81
1 10000	3404 81
1 10000	1411 81
1 10000	744 81
1 10000	184 81
1 10000	4742 81
1 10000	6907 81
1 10000	6928 81
1 10000	9824 81
1 10000	7948 81
1 10000	1627 81
1 10000	3279 81
1 10000	5376 81
1 10000	1775 81
1 10000	4806 81
1 10000	3494 81
1 10000	7966 81
1 10000	9403 81
1 10000	3763 81
1 10000	4251 81
1 10000	8599 81
1 10000	7377 81
1 10000	2028 81
1 10000	5159 81
1 10000	448 81
1 10000	1307 81
1 10000	8399 81
1 10000	157 81
1 10000	339 81
1 10000	4046 81
1 10000	7663 81
1 10000	1058 81
1 10000	7959 81
1 10000	548 81
1 10000	7567 81
1 10000	6631 81
1 10000	7519 81
1 10000	3024 81
1 10000	7010 81
1 10000	7947 81
1 10000	464 81
1 10000	8210 81
1 10000	9149 81
1 10000	7526 81
1 10000	7867 81
1 10000	3877 81
1 10000	5799 81
1 10000	9104 81
1 10000	2433 81
1 10000	600 81
1 10000	6085 81
1 10000	3840 81
1 10000	9942 81
1 10000	9662 81
1 10000	6749 81
1 10000	3837 81
1 10000	6311 81
1 10000	8161 81
1 10000	5387 81
1 10000	8234 81
1 10000	2222 81
1 10000	7479 81
1 10000	6144 81
1 10000	2032 81
1 10000	2793 81
1 10000	6272 81
1 10000	2341 81
1 10000	3509 81
1 10000	9366 81
1 10000	9317 81
1 10000	3911 81
1 10000	5281 81
1 10000	6101 81
1 10000	2473 81
1 100000	1164 243
1 100000	18967 243
1 100000	65648 243
1 100000	17599 243
1 100000	88663 243
1 100000	76600 243
1 100000	75215 243
1 100000	50735 243
1 100000	83634 243
1 100000	77280 243
1 100000	19652 243
1 100000	27272 243
1 100000	22213 243
1 100000	37243 243
1 100000	65204 243
1 100000	80704 243
1 100000	69037 243
1 100000	49866 243
1 100000	1981 243
1 100000	12369 243
1 100000	42182 243
1 100000	68313 243
1 100000	5167 243
1 100000	10577 243
1 100000	22113 243
1 100000	87136 243
1 100000	61110 243
1 100000	19057 243
1 100000	70846 243
1 100000	91822 243
1 100000	40626 243
1 100000	44500 243
1 100000	7180 243
1 100000	67238 243
1 100000	96230 243
1 100000	58284 243
1 100000	53234 243
1 100000	76168 243
1 100000	90581 243
1 100000	44433 243
1 100000	9248 243
1 100000	29951 243
1 100000	47476 243
1 100000	76237 243
1 100000	10517 243
1 100000	14693 243
1 100000	44537 243
1 100000	1698 243
1 100000	95683 243
1 100000	87641 243
1 100000	89977 243
1 100000	21661 243
1 100000	84781 243
1 100000	21816 243
1 100000	12238 243
1 100000	42800 243
1 100000	31864 243
1 100000	44096 243
1 100000	72882 243
1 100000	77260 243
1 100000	21211 243
1 100000	5725 243
1 100000	87186 243
1 100000	18354 243
1 100000	5396 243
1 100000	53951 243
1 100000	69249 243
1 100000	22021 243
1 100000	95927 243
1 100000	97766 243
1 100000	78876 243
1 100000	60654 243
1 100000	91592 243
1 100000	565 243
1 100000	3854 243
1 100000	33838 243
1 100000	1792 243
1 100000	8252 243
1 100000	80335 243
1 100000	95207 243
1 100000	46575 243
1 100000	36780 243
1 100000	41697 243
1 100000	54591 243
1 100000	53543 243
1 100000	20038 243
1 100000	50074 243
1 100000	79608 243
1 100000	66751 243
1 100000	27765 243
1 100000	85556 243
1 100000	77945 243
1 100000	45951 243
1 100000	43023 243
1 100000	14080 243
1 100000	22806 243
1 100000	35577 243
1 100000	78005 243
1 100000	88035 243
1 1000000	531484 729
1 1000000	577801 729
1 1000000	364650 729
1 1000000	88955 729
1 1000000	721961 729
1 1000000	699364 729
1 1000000	571575 729
1 1000000	364508 729
1 1000000	232250 729
1 1000000	213924 729
1 1000000	521084 729
1 1000000	255732 729
1 1000000	871274 729
1 1000000	527818 729
1 1000000	133148 729
1 1000000	635103 729
1 1000000	395992 729
1 1000000	267216 729
1 1000000	469451 729
1 1000000	469862 729
1 1000000	74124 729
1 1000000	23328 729
1 1000000	78353 729
1 1000000	779645 729
1 1000000	509362 729
1 1000000	297773 729
1 1000000	418109 729
1 1000000	333062 729
1 1000000	227244 729
1 1000000	408588 729
1 1000000	780743 729
1 1000000	703206 729
1 1000000	527829 729
1 1000000	76977 729
1 1000000	700722 729
1 1000000	543035 729
1 1000000	411737 729
1 1000000	892577 729
1 1000000	55386 729
1 1000000	90139 729
1 1000000	467724 729
1 1000000	844523 729
1 1000000	632518 729
1 1000000	465152 729
1 1000000	197841 729
1 1000000	322626 729
1 1000000	200751 729
1 1000000	598234 729
1 1000000	825975 729
1 1000000	464751 729
1 1000000	637167 729
1 1000000	688182 729
1 1000000	184352 729
1 1000000	777744 729
1 1000000	536957 729
1 1000000	268067 729
1 1000000	937069 729
1 1000000	818875 729
1 1000000	841115 729
1 1000000	961913 729
1 1000000	442513 729
1 1000000	188716 729
1 1000000	219421 729
1 1000000	827734 729
1 1000000	792812 729
1 1000000	658482 729
1 1000000	804433 729
1 1000000	653931 729
1 1000000	903859 729
1 1000000	352083 729
1 1000000	151991 729
1 1000000	934340 729
1 1000000	935906 729
1 1000000	198636 729
1 1000000	366666 729
1 1000000	395814 729
1 1000000	354642 729
1 1000000	413044 729
1 1000000	717375 729
1 1000000	852374 729
1 1000000	741970 729
1 1000000	737452 729
1 1000000	750198 729
1 1000000	496155 729
1 1000000	170295 729
1 1000000	611291 729
1 1000000	936330 729
1 1000000	429201 729
1 1000000	729725 729
1 1000000	70341 729
1 1000000	754133 729
1 1000000	105414 729
1 1000000	804389 729
1 1000000	482978 729
1 1000000	645254 729
1 1000000	729663 729
1 1000000	408925 729
1 1000000	886816 729
1 1000000	2133 729
1 10000000	8193150 2187
1 10000000	941878 2187
1 10000000	4452363 2187
1 10000000	5206932 2187
1 10000000	950043 2187
1 10000000	6369935 2187
1 10000000	1983781 2187
1 10000000	7730496 2187
1 10000000	3457809 2187
1 10000000	6456669 2187
1 10000000	9506860 2187
1 10000000	3133913 2187
1 10000000	232410 2187
1 10000000	5900887 2187
1 10000000	3338056 2187
1 10000000	8247720 2187
1 10000000	1268255 2187
1 10000000	1700791 2187
1 10000000	7568133 2187
1 10000000	7273731 2187
1 10000000	8183161 2187
1 10000000	77668 2187
1 10000000	1652128 2187
1 10000000	4360052 2187
1 10000000	7843671 2187
1 10000000	3468260 2187
1 10000000	6165380 2187
1 10000000	8524804 2187
1 10000000	8979922 2187
1 10000000	6765758 2187
1 10000000	3955993 2187
1 10000000	8825364 2187
1 10000000	2421305 2187
1 10000000	7432366 2187
1 10000000	1666900 2187
1 10000000	6753958 2187
1 10000000	8384801 2187
1 10000000	566497 2187
1 10000000	5278024 2187
1 10000000	7551263 2187
1 10000000	3413057 2187
1 10000000	7673754 2187
1 10000000	9926037 2187
1 10000000	1030153 2187
1 10000000	9876965 2187
1 10000000	6586138 2187
1 10000000	5066428 2187
1 10000000	9988731 2187
1 10000000	7078320 2187
1 10000000	2787494 2187
1 10000000	2073451 2187
1 10000000	1538867 2187
1 10000000	8056436 2187
1 10000000	8145262 2187
1 10000000	7910481 2187
1 10000000	5287572 2187
1 10000000	7497205 2187
1 10000000	2105928 2187
1 10000000	5439119 2187
1 10000000	117419 2187
1 10000000	8512496 2187
1 10000000	66702 2187
1 10000000	285969 2187
1 10000000	9103606 2187
1 10000000	1807843 2187
1 10000000	9253041 2187
1 10000000	1636129 2187
1 10000000	2580609 2187
1 10000000	5234453 2187
1 10000000	4357159 2187
1 10000000	4099796 2187
1 10000000	5090933 2187
1 10000000	9011726 2187
1 10000000	7070410 2187
1 10000000	7477745 2187
1 10000000	7932612 2187
1 10000000	5330510 2187
1 10000000	5858233 2187
1 10000000	4797043 2187
1 10000000	2352631 2187
1 10000000	6546683 2187
1 10000000	4658677 2187
1 10000000	9599176 2187
1 10000000	3997882 2187
1 10000000	4789309 2187
1 10000000	9592013 2187
1 10000000	8123962 2187
1 10000000	7350146 2187
1 10000000	7326741 2187
1 10000000	9924239 2187
1 10000000	1667702 2187
1 10000000	1914002 2187
1 10000000	7741237 2187
1 10000000	6704270 2187
1 10000000	7434414 2187
1 10000000	4468740 2187
1 10000000	4595555 2187
1 10000000	3791487 2187
1 10000000	1502774 2187
