1 10 8 2 3 1 3.20
1 10 10 4 3 -1 3.70
1 10 9 3 3 0 4.70
1 10 5 1 3 2 1.10
1 10 1 3 3 0 2.60
1 10 10 4 3 -1 1.80
1 10 9 3 3 0 2.10
1 10 8 2 3 1 1.40
1 10 6 3 3 0 1.70
1 10 4 4 3 -1 2.00
1 10 8 2 3 1 3.50
1 10 3 3 3 0 1.70
1 10 3 3 3 0 1.80
1 10 7 4 3 -1 2.60
1 10 10 4 3 -1 2.10
1 10 1 3 3 0 1.80
1 10 4 4 3 -1 2.10
1 10 2 2 3 1 1.70
1 10 8 2 3 1 1.40
1 10 6 3 3 0 2.40
1 10 6 3 3 0 2.40
1 10 10 4 3 -1 2.10
1 10 9 3 3 0 2.20
1 10 4 4 3 -1 2.20
1 10 3 3 3 0 1.70
1 10 1 3 3 0 1.70
1 10 5 1 3 2 1.10
1 10 6 3 3 0 1.90
1 10 10 4 3 -1 2.00
1 10 5 1 3 2 1.80
1 10 1 3 3 0 1.70
1 10 5 1 3 2 1.70
1 10 5 1 3 2 1.10
1 10 10 4 3 -1 1.80
1 10 3 3 3 0 2.20
1 10 5 1 3 2 1.30
1 10 10 4 3 -1 2.20
1 10 7 4 3 -1 2.30
1 10 4 4 3 -1 6.00
1 10 3 3 3 0 3.40
1 10 10 4 3 -1 3.70
1 10 3 3 3 0 2.20
1 10 2 2 3 1 1.80
1 10 6 3 3 0 1.90
1 10 2 2 3 1 2.10
1 10 10 4 3 -1 2.00
1 10 4 4 3 -1 2.70
1 10 8 2 3 1 1.70
1 10 7 4 3 -1 2.20
1 10 5 1 3 2 1.30
1 10 8 2 3 1 1.50
1 10 5 1 3 2 1.10
1 10 5 1 3 2 1.70
1 10 9 3 3 0 3.10
1 10 2 2 3 1 3.00
1 10 2 2 3 1 2.10
1 10 6 3 3 0 2.10
1 10 3 3 3 0 1.70
1 10 9 3 3 0 1.60
1 10 5 1 3 2 1.30
1 10 7 4 3 -1 2.30
1 10 4 4 3 -1 2.00
1 10 7 4 3 -1 2.70
1 10 4 4 3 -1 2.90
1 10 7 4 3 -1 2.40
1 10 9 3 3 0 1.60
1 10 2 2 3 1 1.50
1 10 7 4 3 -1 2.30
1 10 9 3 3 0 1.80
1 10 2 2 3 1 1.90
1 10 5 1 3 2 3.00
1 10 9 3 3 0 4.80
1 10 2 2 3 1 1.60
1 10 10 4 3 -1 1.60
1 10 7 4 3 -1 1.90
1 10 5 1 3 2 1.40
1 10 1 3 3 0 1.80
1 10 6 3 3 0 2.60
1 10 4 4 3 -1 2.70
1 10 9 3 3 0 1.60
1 10 6 3 3 0 1.90
1 10 7 4 3 -1 2.00
1 10 5 1 3 2 3.20
1 10 9 3 3 0 1.60
1 10 1 3 3 0 2.10
1 10 7 4 3 -1 2.70
1 10 4 4 3 -1 2.40
1 10 8 2 3 1 1.40
1 10 1 3 3 0 1.70
1 10 6 3 3 0 1.60
1 10 7 4 3 -1 2.00
1 10 8 2 3 1 1.60
1 10 9 3 3 0 2.00
1 10 3 3 3 0 2.20
1 10 4 4 3 -1 2.10
1 10 9 3 3 0 1.60
1 10 6 3 3 0 3.40
1 10 6 3 3 0 1.80
1 10 7 4 3 -1 2.00
1 100 32 6 9 3 3.30
1 100 61 7 9 2 3.80
1 100 59 5 9 4 2.20
1 100 75 2 9 7 1.50
1 100 89 6 9 3 2.80
1 100 25 2 9 7 1.70
1 100 34 5 9 4 2.10
1 100 60 6 9 3 2.80
1 100 56 4 9 5 2.50
1 100 43 4 9 5 2.80
1 100 14 7 9 2 2.60
1 100 50 1 9 8 3.70
1 100 85 7 9 2 2.90
1 100 34 5 9 4 2.90
1 100 15 5 9 4 2.40
1 100 32 6 9 3 3.40
1 100 51 6 9 3 3.50
1 100 82 6 9 3 3.40
1 100 92 6 9 3 2.60
1 100 81 4 9 5 2.10
1 100 69 6 9 3 2.50
1 100 83 7 9 2 3.00
1 100 1 6 9 3 2.90
1 100 32 6 9 3 4.30
1 100 19 6 9 3 4.10
1 100 46 5 9 4 2.70
1 100 20 7 9 2 2.90
1 100 86 6 9 3 3.40
1 100 3 5 9 4 1.80
1 100 15 5 9 4 3.10
1 100 93 7 9 2 4.30
1 100 29 6 9 3 3.20
1 100 54 6 9 3 4.00
1 100 99 6 9 3 2.90
1 100 52 7 9 2 3.10
1 100 19 6 9 3 2.50
1 100 11 7 9 2 2.40
1 100 54 6 9 3 4.00
1 100 7 6 9 3 3.40
1 100 7 6 9 3 2.40
1 100 9 5 9 4 2.00
1 100 56 4 9 5 5.50
1 100 63 6 9 3 2.70
1 100 2 7 9 2 3.10
1 100 75 2 9 7 1.80
1 100 68 4 9 5 3.40
1 100 88 3 9 6 4.70
1 100 77 7 9 2 2.80
1 100 80 7 9 2 2.40
1 100 62 3 9 6 2.60
1 100 55 7 9 2 3.40
1 100 26 6 9 3 2.90
1 100 11 7 9 2 2.80
1 100 94 4 9 5 2.70
1 100 9 5 9 4 1.90
1 100 84 5 9 4 3.20
1 100 36 7 9 2 2.50
1 100 6 4 9 5 2.10
1 100 14 7 9 2 2.50
1 100 40 5 9 4 3.30
1 100 65 5 9 4 3.10
1 100 57 6 9 3 2.50
1 100 52 7 9 2 2.40
1 100 31 4 9 5 1.90
1 100 98 7 9 2 3.30
1 100 44 6 9 3 2.70
1 100 68 4 9 5 2.40
1 100 63 6 9 3 3.50
1 100 47 7 9 2 3.30
1 100 69 6 9 3 2.90
1 100 77 7 9 2 2.80
1 100 72 7 9 2 2.50
1 100 14 7 9 2 2.40
1 100 47 7 9 2 3.40
1 100 53 5 9 4 3.00
1 100 56 4 9 5 3.00
1 100 69 6 9 3 4.20
1 100 9 5 9 4 2.70
1 100 44 6 9 3 3.20
1 100 26 6 9 3 2.30
1 100 3 5 9 4 1.90
1 100 54 6 9 3 2.90
1 100 55 7 9 2 2.90
1 100 39 7 9 2 3.40
1 100 71 5 9 4 3.60
1 100 62 3 9 6 1.80
1 100 68 4 9 5 1.80
1 100 25 2 9 7 1.50
1 100 37 3 9 6 1.70
1 100 45 7 9 2 3.30
1 100 37 3 9 6 1.70
1 100 82 6 9 3 3.70
1 100 95 6 9 3 8.70
1 100 13 6 9 3 2.80
1 100 66 6 9 3 3.50
1 100 2 7 9 2 2.10
1 100 86 6 9 3 2.60
1 100 57 6 9 3 2.80
1 100 29 6 9 3 2.30
1 1000 691 10 27 17 4.80
1 1000 566 10 27 17 4.30
1 1000 318 10 27 17 4.80
1 1000 79 9 27 18 4.50
1 1000 107 9 27 18 4.10
1 1000 705 10 27 17 3.50
1 1000 400 9 27 18 6.00
1 1000 784 8 27 19 3.60
1 1000 435 9 27 18 3.60
1 1000 816 10 27 17 5.80
1 1000 244 9 27 18 4.70
1 1000 823 8 27 19 3.20
1 1000 593 5 27 22 3.20
1 1000 849 9 27 18 3.70
1 1000 611 9 27 18 3.20
1 1000 75 9 27 18 6.00
1 1000 662 10 27 17 4.60
1 1000 250 2 27 25 3.50
1 1000 455 10 27 17 3.90
1 1000 415 9 27 18 4.80
1 1000 763 9 27 18 3.80
1 1000 944 10 27 17 4.80
1 1000 667 8 27 19 5.00
1 1000 216 9 27 18 5.60
1 1000 80 10 27 17 5.00
1 1000 937 10 27 17 3.40
1 1000 937 10 27 17 3.30
1 1000 656 5 27 22 2.50
1 1000 706 8 27 19 3.10
1 1000 699 10 27 17 4.40
1 1000 601 7 27 20 3.20
1 1000 826 10 27 17 3.40
1 1000 772 10 27 17 3.40
1 1000 21 9 27 18 4.40
1 1000 661 9 27 18 3.20
1 1000 544 9 27 18 4.40
1 1000 234 6 27 21 4.10
1 1000 377 10 27 17 4.10
1 1000 106 10 27 17 6.10
1 1000 983 9 27 18 3.30
1 1000 523 7 27 20 2.90
1 1000 334 10 27 17 3.70
1 1000 355 8 27 19 3.50
1 1000 278 10 27 17 4.10
1 1000 884 9 27 18 3.40
1 1000 626 9 27 18 3.50
1 1000 317 9 27 18 3.90
1 1000 401 10 27 17 3.70
1 1000 214 8 27 19 3.40
1 1000 88 10 27 17 4.60
1 1000 452 6 27 21 3.10
1 1000 165 9 27 18 3.50
1 1000 150 9 27 18 4.20
1 1000 692 9 27 18 4.30
1 1000 922 6 27 21 4.40
1 1000 369 9 27 18 3.70
1 1000 212 9 27 18 7.50
1 1000 926 8 27 19 3.00
1 1000 479 10 27 17 3.80
1 1000 969 5 27 22 2.60
1 1000 189 10 27 17 4.10
1 1000 562 4 27 23 2.70
1 1000 407 9 27 18 3.80
1 1000 744 9 27 18 3.20
1 1000 202 6 27 21 3.10
1 1000 98 10 27 17 4.10
1 1000 560 9 27 18 3.80
1 1000 759 9 27 18 3.50
1 1000 685 9 27 18 4.10
1 1000 844 10 27 17 3.90
1 1000 931 10 27 17 3.30
1 1000 581 8 27 19 3.70
1 1000 465 10 27 17 4.10
1 1000 169 9 27 18 4.10
1 1000 932 9 27 18 3.50
1 1000 586 10 27 17 3.50
1 1000 185 9 27 18 4.10
1 1000 11 8 27 19 3.30
1 1000 804 7 27 20 3.00
1 1000 741 10 27 17 3.40
1 1000 487 10 27 17 3.80
1 1000 750 2 27 25 1.70
1 1000 598 10 27 17 3.50
1 1000 699 10 27 17 4.30
1 1000 582 10 27 17 3.80
1 1000 690 8 27 19 3.00
1 1000 677 9 27 18 3.20
1 1000 656 5 27 22 2.60
1 1000 459 10 27 17 3.80
1 1000 932 9 27 18 9.40
1 1000 240 9 27 18 9.30
1 1000 354 10 27 17 5.00
1 1000 11 8 27 19 3.50
1 1000 917 10 27 17 4.40
1 1000 476 7 27 20 4.00
1 1000 505 9 27 18 3.50
1 1000 745 10 27 17 5.50
1 1000 727 10 27 17 3.90
1 1000 805 10 27 17 6.80
1 10000 7711 12 81 69 3.70
1 10000 1148 12 81 69 3.90
1 10000 3917 12 81 69 5.50
1 10000 1302 14 81 67 5.60
1 10000 5938 13 81 68 5.20
1 10000 8215 13 81 68 4.20
1 10000 7842 13 81 68 3.80
1 10000 1298 10 81 71 3.40
1 10000 1790 14 81 67 4.10
1 10000 9766 7 81 74 3.20
1 10000 3466 10 81 71 3.50
1 10000 1277 13 81 68 3.80
1 10000 4190 12 81 69 4.20
1 10000 8465 14 81 67 6.80
1 10000 8923 13 81 68 4.00
1 10000 836 12 81 69 3.80
1 10000 6322 14 81 67 3.90
1 10000 7125 12 81 69 5.90
1 10000 1166 11 81 70 4.70
1 10000 1762 13 81 68 5.10
1 10000 8340 13 81 68 4.40
1 10000 7632 13 81 68 4.90
1 10000 8352 13 81 68 3.70
1 10000 7218 12 81 69 4.40
1 10000 8116 13 81 68 4.70
1 10000 3193 10 81 71 5.20
1 10000 1888 14 81 67 6.30
1 10000 1987 11 81 70 4.30
1 10000 8860 13 81 68 4.00
1 10000 3951 12 81 69 7.00
1 10000 1428 13 81 68 4.80
1 10000 2084 11 81 70 3.70
1 10000 5469 13 81 68 3.80
1 10000 5012 13 81 68 4.10
1 10000 6113 13 81 68 4.10
1 10000 2955 12 81 69 5.10
1 10000 8340 13 81 68 4.90
1 10000 2047 12 81 69 3.80
1 10000 3858 13 81 68 3.90
1 10000 1013 13 81 68 5.00
1 10000 6322 14 81 67 4.20
1 10000 3621 14 81 67 5.60
1 10000 3783 14 81 67 4.60
1 10000 827 13 81 68 4.90
1 10000 9487 11 81 70 6.30
1 10000 2380 13 81 68 5.10
1 10000 8618 13 81 68 3.90
1 10000 5268 11 81 70 3.80
1 10000 1380 14 81 67 4.30
1 10000 8179 13 81 68 4.10
1 10000 62 14 81 67 5.30
1 10000 477 10 81 71 3.60
1 10000 9712 11 81 70 4.40
1 10000 8821 13 81 68 5.60
1 10000 4607 13 81 68 3.90
1 10000 4382 13 81 68 4.30
1 10000 4533 12 81 69 7.00
1 10000 394 11 81 70 4.40
1 10000 2464 14 81 67 4.60
1 10000 7508 14 81 67 4.00
1 10000 5975 14 81 67 4.00
1 10000 3089 14 81 67 4.10
1 10000 6029 11 81 70 4.50
1 10000 2899 10 81 71 3.70
1 10000 240 12 81 69 5.80
1 10000 8995 12 81 69 4.00
1 10000 7781 14 81 67 4.00
1 10000 9394 9 81 72 3.20
1 10000 9826 12 81 69 4.50
1 10000 8469 13 81 68 3.70
1 10000 9611 12 81 69 5.20
1 10000 5540 14 81 67 4.90
1 10000 2951 13 81 68 7.30
1 10000 7092 13 81 68 4.10
1 10000 501 14 81 67 4.10
1 10000 5680 12 81 69 4.00
1 10000 8816 13 81 68 3.90
1 10000 9099 13 81 68 3.80
1 10000 2202 13 81 68 6.00
1 10000 8333 14 81 67 6.30
1 10000 4721 11 81 70 3.80
1 10000 769 13 81 68 4.00
1 10000 3242 8 81 73 4.00
1 10000 31 12 81 69 5.30
1 10000 8078 13 81 68 5.10
1 10000 5399 10 81 71 3.50
1 10000 4150 13 81 68 5.90
1 10000 1897 13 81 68 4.30
1 10000 693 10 81 71 3.50
1 10000 6063 10 81 71 3.40
1 10000 4347 12 81 69 3.80
1 10000 589 14 81 67 10.90
1 10000 6274 11 81 70 3.50
1 10000 9483 13 81 68 5.20
1 10000 3281 6 81 75 2.90
1 10000 8315 11 81 70 3.50
1 10000 5185 10 81 71 3.40
1 10000 5115 13 81 68 4.80
1 10000 3673 12 81 69 5.80
1 100000 61270 17 243 226 5.30
1 100000 90879 17 243 226 5.30
1 100000 80891 17 243 226 4.90
1 100000 87620 17 243 226 5.40
1 100000 20401 17 243 226 4.60
1 100000 5075 16 243 227 5.50
1 100000 89536 13 243 230 3.70
1 100000 95307 17 243 226 4.40
1 100000 32188 17 243 226 4.70
1 100000 82255 17 243 226 4.70
1 100000 56426 14 243 229 4.10
1 100000 41516 16 243 227 4.40
1 100000 93781 16 243 227 10.70
1 100000 81843 17 243 226 4.40
1 100000 50644 16 243 227 4.10
1 100000 93832 16 243 227 4.40
1 100000 37945 16 243 227 5.00
1 100000 15410 14 243 229 4.60
1 100000 65432 15 243 228 4.30
1 100000 26918 15 243 228 4.10
1 100000 32493 12 243 231 3.80
1 100000 3744 16 243 227 4.60
1 100000 10919 16 243 227 5.70
1 100000 50172 17 243 226 5.00
1 100000 54381 16 243 227 4.50
1 100000 8126 16 243 227 4.40
1 100000 63951 13 243 230 4.50
1 100000 81886 17 243 226 4.50
1 100000 29215 17 243 226 5.60
1 100000 85137 14 243 229 4.40
1 100000 23622 15 243 228 4.70
1 100000 82913 16 243 227 6.90
1 100000 31338 16 243 227 4.70
1 100000 66901 17 243 226 4.70
1 100000 83847 16 243 227 4.20
1 100000 40139 15 243 228 5.40
1 100000 34496 12 243 231 3.80
1 100000 69370 17 243 226 7.00
1 100000 68924 16 243 227 9.40
1 100000 22673 17 243 226 8.50
1 100000 41866 16 243 227 5.90
1 100000 60252 17 243 226 4.30
1 100000 14039 17 243 226 4.50
1 100000 33801 16 243 227 4.40
1 100000 84102 15 243 228 5.70
1 100000 97274 15 243 228 4.50
1 100000 11995 15 243 228 4.40
1 100000 51705 17 243 226 7.60
1 100000 47914 15 243 228 4.10
1 100000 89400 17 243 226 4.50
1 100000 71063 16 243 227 5.10
1 100000 20222 17 243 226 5.90
1 100000 84296 16 243 227 6.70
1 100000 22461 16 243 227 5.40
1 100000 54473 16 243 227 4.40
1 100000 26796 15 243 228 8.50
1 100000 61268 15 243 228 4.00
1 100000 20655 17 243 226 7.20
1 100000 31056 17 243 226 4.80
1 100000 67018 15 243 228 4.60
1 100000 15460 16 243 227 4.50
1 100000 95663 16 243 227 4.30
1 100000 71167 17 243 226 4.30
1 100000 33484 17 243 226 5.30
1 100000 48717 16 243 227 4.30
1 100000 5699 13 243 230 5.80
1 100000 74840 13 243 230 4.00
1 100000 23298 17 243 226 6.60
1 100000 95281 14 243 229 4.00
1 100000 70930 15 243 228 4.10
1 100000 21215 16 243 227 5.40
1 100000 90511 15 243 228 4.00
1 100000 43745 17 243 226 4.40
1 100000 67748 16 243 227 4.70
1 100000 6083 17 243 226 5.50
1 100000 53619 16 243 227 4.50
1 100000 95189 12 243 231 3.70
1 100000 458 17 243 226 4.40
1 100000 42773 16 243 227 4.30
1 100000 2405 17 243 226 4.50
1 100000 77871 16 243 227 14.10
1 100000 92339 14 243 229 5.30
1 100000 27780 16 243 227 7.10
1 100000 64697 16 243 227 4.40
1 100000 17919 11 243 232 3.70
1 100000 90278 17 243 226 4.70
1 100000 83160 16 243 227 4.60
1 100000 64609 17 243 226 5.50
1 100000 64519 16 243 227 4.60
1 100000 57769 14 243 229 4.30
1 100000 39072 16 243 227 4.90
1 100000 76119 17 243 226 4.60
1 100000 89683 13 243 230 4.00
1 100000 95392 17 243 226 4.40
1 100000 42008 17 243 226 4.60
1 100000 14953 16 243 227 5.40
1 100000 9500 16 243 227 6.90
1 100000 56392 15 243 228 8.60
1 100000 90261 15 243 228 7.70
1 1000000 299608 20 729 709 5.10
1 1000000 376336 19 729 710 4.90
1 1000000 993181 20 729 709 5.00
1 1000000 81295 20 729 709 4.90
1 1000000 523438 19 729 710 4.70
1 1000000 189256 20 729 709 6.50
1 1000000 618839 19 729 710 5.40
1 1000000 722290 19 729 710 4.60
1 1000000 331311 19 729 710 5.00
1 1000000 59866 17 729 712 5.50
1 1000000 673768 20 729 709 4.80
1 1000000 925486 18 729 711 5.00
1 1000000 652548 17 729 712 5.90
1 1000000 908511 18 729 711 6.80
1 1000000 753532 20 729 709 6.70
1 1000000 136091 16 729 713 7.30
1 1000000 904619 18 729 711 5.60
1 1000000 991041 20 729 709 6.60
1 1000000 153592 20 729 709 5.40
1 1000000 807270 19 729 710 5.30
1 1000000 13514 20 729 709 6.00
1 1000000 310209 15 729 714 5.60
1 1000000 395837 20 729 709 4.90
1 1000000 579595 20 729 709 4.90
1 1000000 830586 19 729 710 4.70
1 1000000 248661 19 729 710 7.70
1 1000000 800337 16 729 713 4.60
1 1000000 721701 17 729 712 5.70
1 1000000 710792 19 729 710 4.80
1 1000000 712824 18 729 711 4.50
1 1000000 231211 18 729 711 4.60
1 1000000 872185 19 729 710 4.60
1 1000000 806221 19 729 710 4.60
1 1000000 444217 20 729 709 6.30
1 1000000 909200 20 729 709 5.10
1 1000000 492948 20 729 709 8.30
1 1000000 584768 20 729 709 8.20
1 1000000 878333 20 729 709 6.00
1 1000000 737203 20 729 709 4.90
1 1000000 821488 20 729 709 6.40
1 1000000 121045 20 729 709 5.30
1 1000000 790113 20 729 709 6.60
1 1000000 483699 18 729 711 5.00
1 1000000 186215 19 729 710 9.90
1 1000000 853325 19 729 710 5.00
1 1000000 117481 20 729 709 5.40
1 1000000 461830 19 729 710 7.10
1 1000000 357912 18 729 711 5.30
1 1000000 303128 19 729 710 7.20
1 1000000 403395 16 729 713 5.10
1 1000000 127629 19 729 710 4.90
1 1000000 71137 20 729 709 8.60
1 1000000 487473 19 729 710 4.90
1 1000000 664512 20 729 709 4.90
1 1000000 521005 20 729 709 6.10
1 1000000 677553 18 729 711 6.00
1 1000000 69933 18 729 711 4.80
1 1000000 556325 20 729 709 7.90
1 1000000 699088 20 729 709 6.20
1 1000000 448748 20 729 709 5.10
1 1000000 603381 20 729 709 5.20
1 1000000 250964 18 729 711 4.60
1 1000000 571294 20 729 709 4.80
1 1000000 842595 20 729 709 5.30
1 1000000 816596 17 729 712 4.90
1 1000000 8096 20 729 709 4.90
1 1000000 178940 19 729 710 5.90
1 1000000 237192 20 729 709 5.00
1 1000000 677999 20 729 709 4.80
1 1000000 191162 19 729 710 5.10
1 1000000 73350 20 729 709 6.50
1 1000000 550982 18 729 711 6.70
1 1000000 574403 20 729 709 6.20
1 1000000 60539 20 729 709 4.80
1 1000000 540059 20 729 709 9.60
1 1000000 29223 20 729 709 5.70
1 1000000 342132 19 729 710 4.70
1 1000000 397370 20 729 709 8.40
1 1000000 881817 19 729 710 4.60
1 1000000 999946 17 729 712 4.40
1 1000000 235675 20 729 709 5.00
1 1000000 777052 16 729 713 5.30
1 1000000 412855 20 729 709 6.20
1 1000000 430906 20 729 709 5.10
1 1000000 271107 19 729 710 5.90
1 1000000 363453 20 729 709 5.50
1 1000000 210662 19 729 710 5.80
1 1000000 836089 15 729 714 9.20
1 1000000 409485 19 729 710 5.00
1 1000000 589561 19 729 710 5.70
1 1000000 264711 20 729 709 5.60
1 1000000 895469 20 729 709 5.10
1 1000000 279760 17 729 712 5.70
1 1000000 759513 20 729 709 5.90
1 1000000 250396 15 729 714 5.90
1 1000000 810566 19 729 710 7.50
1 1000000 306113 20 729 709 4.90
1 1000000 578008 20 729 709 4.80
1 1000000 82103 18 729 711 5.90
1 10000000 4376236 22 2187 2165 9.50
1 10000000 7046588 21 2187 2166 5.50
1 10000000 1556970 23 2187 2164 7.20
1 10000000 2211666 22 2187 2165 5.50
1 10000000 1936799 23 2187 2164 5.60
1 10000000 6074999 19 2187 2168 4.70
1 10000000 6427053 21 2187 2166 6.60
1 10000000 1588027 20 2187 2167 6.10
1 10000000 4851336 22 2187 2165 5.50
1 10000000 8873209 22 2187 2165 8.40
1 10000000 8311162 22 2187 2165 6.50
1 10000000 5859378 23 2187 2164 5.20
1 10000000 700394 23 2187 2164 5.40
1 10000000 8656439 23 2187 2164 10.40
1 10000000 83512 23 2187 2164 5.60
1 10000000 2572594 22 2187 2165 6.30
1 10000000 5071060 24 2187 2163 6.10
1 10000000 4195514 23 2187 2164 5.60
1 10000000 2895633 23 2187 2164 5.50
1 10000000 2073912 22 2187 2165 5.20
1 10000000 6302538 22 2187 2165 5.20
1 10000000 228241 20 2187 2167 5.30
1 10000000 6289143 23 2187 2164 5.30
1 10000000 118158 24 2187 2163 6.30
1 10000000 1130281 23 2187 2164 5.40
1 10000000 6846580 22 2187 2165 5.20
1 10000000 3816873 23 2187 2164 6.60
1 10000000 1630547 24 2187 2163 6.40
1 10000000 3259853 22 2187 2165 8.40
1 10000000 2474958 24 2187 2163 7.20
1 10000000 4358809 21 2187 2166 5.60
1 10000000 3553788 23 2187 2164 16.30
1 10000000 300464 23 2187 2164 5.80
1 10000000 3456101 23 2187 2164 5.60
1 10000000 4476689 23 2187 2164 5.40
1 10000000 704221 23 2187 2164 5.70
1 10000000 9866365 21 2187 2166 5.00
1 10000000 5205751 23 2187 2164 5.30
1 10000000 4511048 24 2187 2163 5.50
1 10000000 3693165 22 2187 2165 5.40
1 10000000 8043701 24 2187 2163 6.90
1 10000000 1107233 24 2187 2163 7.80
1 10000000 9530928 24 2187 2163 14.90
1 10000000 600738 23 2187 2164 5.40
1 10000000 4570657 22 2187 2165 5.80
1 10000000 9424654 24 2187 2163 10.50
1 10000000 8883709 22 2187 2165 5.20
1 10000000 794064 23 2187 2164 6.90
1 10000000 4943796 23 2187 2164 6.40
1 10000000 4128341 23 2187 2164 6.70
1 10000000 7904582 22 2187 2165 5.10
1 10000000 7566850 24 2187 2163 5.60
1 10000000 3348551 22 2187 2165 5.50
1 10000000 9561635 23 2187 2164 5.80
1 10000000 9202989 21 2187 2166 5.10
1 10000000 5383882 22 2187 2165 5.30
1 10000000 980904 21 2187 2166 5.10
1 10000000 4682311 15 2187 2172 4.00
1 10000000 3137366 24 2187 2163 5.60
1 10000000 8692670 22 2187 2165 7.90
1 10000000 9346025 24 2187 2163 6.20
1 10000000 1078088 24 2187 2163 6.10
1 10000000 6691057 21 2187 2166 8.20
1 10000000 334936 23 2187 2164 6.50
1 10000000 1978725 22 2187 2165 5.40
1 10000000 3905663 23 2187 2164 5.40
1 10000000 6533996 24 2187 2163 9.20
1 10000000 9728007 22 2187 2165 8.90
1 10000000 9803643 22 2187 2165 6.00
1 10000000 8080805 19 2187 2168 5.40
1 10000000 842540 20 2187 2167 4.90
1 10000000 8369816 20 2187 2167 4.90
1 10000000 4612776 23 2187 2164 5.60
1 10000000 8837315 23 2187 2164 6.60
1 10000000 4081513 23 2187 2164 5.70
1 10000000 9041952 23 2187 2164 5.70
1 10000000 9086875 23 2187 2164 5.30
1 10000000 322456 23 2187 2164 5.40
1 10000000 5165589 21 2187 2166 6.20
1 10000000 5858058 19 2187 2168 4.60
1 10000000 8124132 23 2187 2164 5.60
1 10000000 9392103 21 2187 2166 5.40
1 10000000 4624718 20 2187 2167 5.30
1 10000000 4730431 24 2187 2163 6.30
1 10000000 956333 20 2187 2167 6.20
1 10000000 3232008 24 2187 2163 5.50
1 10000000 2035040 23 2187 2164 5.40
1 10000000 6772136 22 2187 2165 5.20
1 10000000 8703036 22 2187 2165 5.80
1 10000000 8352174 23 2187 2164 6.90
1 10000000 4266102 21 2187 2166 5.60
1 10000000 4283070 22 2187 2165 6.40
1 10000000 8167658 23 2187 2164 10.60
1 10000000 670126 23 2187 2164 5.30
1 10000000 158444 22 2187 2165 6.50
1 10000000 1062473 22 2187 2165 5.40
1 10000000 7896806 23 2187 2164 5.40
1 10000000 8361931 23 2187 2164 6.20
1 10000000 8554406 22 2187 2165 5.20
1 100000000 62707910 27 6561 6534 6.00
1 100000000 1895629 26 6561 6535 5.70
1 100000000 64726247 25 6561 6536 5.90
1 100000000 51838519 26 6561 6535 6.10
1 100000000 11162261 24 6561 6537 6.00
1 100000000 77951990 23 6561 6538 6.60
1 100000000 75455708 25 6561 6536 11.30
1 100000000 2564364 27 6561 6534 6.00
1 100000000 81994490 24 6561 6537 5.70
1 100000000 61228318 25 6561 6536 5.80
1 100000000 59156156 25 6561 6536 5.70
1 100000000 74172101 23 6561 6538 6.10
1 100000000 97522459 23 6561 6538 8.50
1 100000000 13693497 27 6561 6534 7.10
1 100000000 3310339 24 6561 6537 7.10
1 100000000 62620758 26 6561 6535 5.70
1 100000000 17538264 27 6561 6534 6.00
1 100000000 79365107 26 6561 6535 5.70
1 100000000 28411511 24 6561 6537 6.10
1 100000000 51266479 15 6561 6546 6.20
1 100000000 70010546 27 6561 6534 6.40
1 100000000 7867624 26 6561 6535 10.20
1 100000000 86090086 27 6561 6534 11.90
1 100000000 72819191 27 6561 6534 5.70
1 100000000 60108514 26 6561 6535 5.60
1 100000000 11429905 26 6561 6535 7.30
1 100000000 13989925 27 6561 6534 8.40
1 100000000 17473222 26 6561 6535 8.00
1 100000000 30578665 27 6561 6534 6.80
1 100000000 61179504 27 6561 6534 6.00
1 100000000 48984098 26 6561 6535 5.50
1 100000000 29564142 27 6561 6534 5.80
1 100000000 80023355 25 6561 6536 5.80
1 100000000 92582599 27 6561 6534 6.10
1 100000000 13469462 24 6561 6537 5.90
1 100000000 93060523 27 6561 6534 6.80
1 100000000 12415352 27 6561 6534 6.00
1 100000000 61953651 26 6561 6535 5.60
1 100000000 33802461 27 6561 6534 8.70
1 100000000 3511314 24 6561 6537 5.80
1 100000000 99689191 26 6561 6535 8.40
1 100000000 49306532 26 6561 6535 6.40
1 100000000 67113375 26 6561 6535 7.40
1 100000000 77118762 25 6561 6536 7.00
1 100000000 5222668 25 6561 6536 7.00
1 100000000 76433520 24 6561 6537 6.60
1 100000000 85740227 27 6561 6534 6.10
1 100000000 88240892 27 6561 6534 6.00
1 100000000 35933246 25 6561 6536 5.90
1 100000000 38187646 27 6561 6534 6.70
1 100000000 20043668 26 6561 6535 6.10
1 100000000 53550392 26 6561 6535 7.30
1 100000000 67463310 26 6561 6535 7.20
1 100000000 83864032 27 6561 6534 8.40
1 100000000 6423465 24 6561 6537 6.10
1 100000000 11262263 25 6561 6536 6.80
1 100000000 52146929 26 6561 6535 8.30
1 100000000 29571480 27 6561 6534 5.90
1 100000000 71438396 27 6561 6534 5.80
1 100000000 63296092 27 6561 6534 7.20
1 100000000 80178427 26 6561 6535 5.50
1 100000000 12351770 27 6561 6534 8.00
1 100000000 79238533 27 6561 6534 14.00
1 100000000 35841069 23 6561 6538 11.20
1 100000000 63275279 25 6561 6536 6.10
1 100000000 78869807 26 6561 6535 6.00
1 100000000 85582580 25 6561 6536 5.50
1 100000000 84772956 26 6561 6535 5.80
1 100000000 51321569 27 6561 6534 6.80
1 100000000 60700929 26 6561 6535 6.10
1 100000000 28585781 27 6561 6534 7.20
1 100000000 63468193 26 6561 6535 6.00
1 100000000 94755856 24 6561 6537 5.50
1 100000000 1490217 25 6561 6536 6.90
1 100000000 15707697 25 6561 6536 6.20
1 100000000 41619905 26 6561 6535 8.70
1 100000000 15052811 24 6561 6537 5.60
1 100000000 32166953 25 6561 6536 7.10
1 100000000 84177134 27 6561 6534 5.80
1 100000000 66311984 26 6561 6535 5.80
1 100000000 99403291 26 6561 6535 7.10
1 100000000 2526453 26 6561 6535 8.30
1 100000000 24667354 27 6561 6534 9.60
1 100000000 76434206 26 6561 6535 6.60
1 100000000 94220005 23 6561 6538 6.50
1 100000000 24400115 26 6561 6535 7.20
1 100000000 53467085 26 6561 6535 7.00
1 100000000 77283558 27 6561 6534 5.70
1 100000000 58537870 27 6561 6534 5.80
1 100000000 88854429 27 6561 6534 7.20
1 100000000 7214967 24 6561 6537 6.70
1 100000000 18244336 22 6561 6539 5.30
1 100000000 30782022 26 6561 6535 7.10
1 100000000 64980207 23 6561 6538 6.80
1 100000000 59009463 27 6561 6534 5.90
1 100000000 46454819 27 6561 6534 9.80
1 100000000 71309726 24 6561 6537 5.50
1 100000000 77578936 26 6561 6535 9.90
1 100000000 57208199 27 6561 6534 6.00
